0 0.78515625 0.177734375 0.185546875 0.32421875
0 0.955078125 0.22265625 0.08984375 0.3154296875
1 0.6337890625 0.2685546875 0.146484375 0.314453125
1 0.2333984375 0.44921875 0.19921875 0.326171875
0 0.9462890625 0.517578125 0.107421875 0.28125
1 0.80859375 0.521484375 0.162109375 0.2685546875
0 0.3681640625 0.6875 0.1748046875 0.3115234375
1 0.69140625 0.7919921875 0.1328125 0.349609375
0 0.923828125 0.798828125 0.1376953125 0.19140625
1 0.7939453125 0.810546875 0.0927734375 0.3017578125
1 0.541015625 0.8134765625 0.2119140625 0.3525390625
1 0.1689453125 0.0830078125 0.181640625 0.166015625