0 0.25 0.189453125 0.064453125 0.115234375
1 0.0517578125 0.294921875 0.07421875 0.1181640625
1 0.1337890625 0.34375 0.060546875 0.115234375
1 0.2353515625 0.3798828125 0.07421875 0.10546875
0 0.7138671875 0.470703125 0.125 0.1923828125
1 0.6103515625 0.51171875 0.095703125 0.1728515625
1 0.3076171875 0.5458984375 0.083984375 0.1103515625
1 0.6708984375 0.5556640625 0.123046875 0.19921875
1 0.4287109375 0.57421875 0.123046875 0.185546875
0 0.603515625 0.669921875 0.1318359375 0.1943359375
1 0.337890625 0.697265625 0.0888671875 0.154296875
0 0.1005859375 0.78515625 0.0986328125 0.146484375
1 0.0732421875 0.9130859375 0.146484375 0.1708984375
1 0.7666015625 0.912109375 0.154296875 0.1708984375