1 0.1005859375 0.123046875 0.1142578125 0.1884765625
1 0.529296875 0.1513671875 0.1015625 0.23828125
1 0.7587890625 0.232421875 0.1044921875 0.1923828125
1 0.3505859375 0.26171875 0.123046875 0.2236328125
1 0.6025390625 0.3212890625 0.1279296875 0.169921875
1 0.7744140625 0.5048828125 0.11328125 0.1826171875
1 0.544921875 0.5283203125 0.1376953125 0.2177734375
1 0.66015625 0.62109375 0.1435546875 0.2216796875
1 0.423828125 0.6416015625 0.1162109375 0.2333984375
1 0.310546875 0.642578125 0.1513671875 0.2587890625
1 0.48828125 0.8056640625 0.1240234375 0.22265625
1 0.6806640625 0.85546875 0.1181640625 0.2255859375
1 0.9404296875 0.8681640625 0.107421875 0.18359375
1 0.2939453125 0.8779296875 0.1435546875 0.244140625
1 0.40234375 0.9052734375 0.1484375 0.1884765625