1 0.7587890625 0.130859375 0.1025390625 0.162109375
1 0.4833984375 0.1708984375 0.1162109375 0.19921875
1 0.6376953125 0.22265625 0.1259765625 0.1904296875
0 0.197265625 0.2587890625 0.146484375 0.1650390625
1 0.744140625 0.2626953125 0.111328125 0.1884765625
0 0.533203125 0.328125 0.1181640625 0.1875
1 0.4326171875 0.3369140625 0.123046875 0.25390625
1 0.216796875 0.404296875 0.18359375 0.201171875
0 0.71875 0.4287109375 0.1279296875 0.2529296875
1 0.630859375 0.576171875 0.1298828125 0.205078125
1 0.2744140625 0.5810546875 0.134765625 0.2197265625
1 0.6708984375 0.0712890625 0.111328125 0.142578125
1 0.2060546875 0.7080078125 0.115234375 0.2373046875
0 0.3671875 0.75 0.1025390625 0.244140625
0 0.287109375 0.076171875 0.130859375 0.1513671875
1 0.685546875 0.7802734375 0.12890625 0.2275390625
1 0.287109375 0.7841796875 0.1005859375 0.19921875
1 0.9453125 0.91796875 0.1083984375 0.1640625