1 0.14453125 0.09765625 0.197265625 0.1953125
0 0.7861328125 0.173828125 0.1787109375 0.3310546875
0 0.9365234375 0.1787109375 0.1259765625 0.3046875
1 0.6064453125 0.2744140625 0.146484375 0.314453125
1 0.2421875 0.458984375 0.19921875 0.326171875
0 0.93359375 0.4921875 0.1318359375 0.259765625
1 0.8037109375 0.5029296875 0.1533203125 0.2744140625
0 0.3525390625 0.6982421875 0.1748046875 0.3115234375
0 0.916015625 0.75 0.1494140625 0.2119140625
1 0.6943359375 0.763671875 0.1328125 0.349609375
1 0.798828125 0.794921875 0.0927734375 0.3017578125
1 0.560546875 0.822265625 0.208984375 0.35546875