0 0.607421875 0.9365234375 0.130859375 0.126953125
0 0.7900390625 0.943359375 0.130859375 0.11328125
1 0.345703125 0.326171875 0.115234375 0.09765625
1 0.5166015625 0.3447265625 0.0830078125 0.1640625
0 0.310546875 0.3955078125 0.12890625 0.12890625
1 0.603515625 0.43359375 0.1064453125 0.162109375
1 0.3271484375 0.505859375 0.1220703125 0.1962890625
1 0.4501953125 0.5556640625 0.1025390625 0.244140625
1 0.826171875 0.572265625 0.087890625 0.181640625
1 0.5166015625 0.609375 0.0908203125 0.22265625
1 0.7470703125 0.626953125 0.0966796875 0.240234375
1 0.3505859375 0.6630859375 0.1376953125 0.185546875
1 0.83984375 0.7109375 0.0986328125 0.1611328125
0 0.173828125 0.7666015625 0.1015625 0.1669921875
1 0.5693359375 0.8154296875 0.12890625 0.2021484375
1 0.0419921875 0.8623046875 0.083984375 0.15625
1 0.728515625 0.8681640625 0.1103515625 0.181640625
1 0.8310546875 0.875 0.1123046875 0.189453125
0 0.42578125 0.8994140625 0.1015625 0.197265625
0 0.2744140625 0.90625 0.1513671875 0.1826171875