1 0.7373046875 0.9287109375 0.1298828125 0.1416015625
1 0.037109375 0.9365234375 0.0673828125 0.126953125
1 0.271484375 0.947265625 0.12109375 0.10546875
1 0.3330078125 0.3935546875 0.10546875 0.1240234375
1 0.5185546875 0.4052734375 0.0859375 0.16796875
0 0.3193359375 0.47265625 0.1162109375 0.123046875
1 0.5947265625 0.513671875 0.1142578125 0.16796875
1 0.326171875 0.5712890625 0.125 0.197265625
1 0.4541015625 0.6240234375 0.1142578125 0.263671875
1 0.8232421875 0.6435546875 0.09375 0.1552734375
1 0.7548828125 0.6953125 0.08984375 0.2490234375
1 0.3486328125 0.740234375 0.154296875 0.16796875
1 0.8447265625 0.7744140625 0.0849609375 0.1552734375
0 0.1689453125 0.83984375 0.1025390625 0.169921875
1 0.572265625 0.8837890625 0.138671875 0.21484375
1 0.8408203125 0.9228515625 0.1083984375 0.154296875