1 0.4775390625 0.1484375 0.119140625 0.1875
1 0.66796875 0.1552734375 0.1494140625 0.1923828125
1 0.1259765625 0.1884765625 0.1494140625 0.2626953125
1 0.9306640625 0.505859375 0.111328125 0.212890625
1 0.2431640625 0.509765625 0.134765625 0.302734375
1 0.0830078125 0.5419921875 0.158203125 0.326171875
1 0.8193359375 0.560546875 0.107421875 0.216796875
0 0.5009765625 0.626953125 0.1728515625 0.294921875
1 0.9150390625 0.6962890625 0.126953125 0.201171875
1 0.04296875 0.8427734375 0.0859375 0.302734375
1 0.1396484375 0.849609375 0.140625 0.291015625
0 0.5712890625 0.857421875 0.14453125 0.2841796875
1 0.392578125 0.91015625 0.140625 0.1796875