1 0.521484375 0.1484375 0.119140625 0.1875
1 0.7080078125 0.1552734375 0.138671875 0.1875
1 0.193359375 0.1787109375 0.1494140625 0.2626953125
1 0.3046875 0.4853515625 0.130859375 0.2900390625
1 0.9521484375 0.50390625 0.095703125 0.1953125
1 0.1328125 0.5146484375 0.1474609375 0.328125
1 0.8564453125 0.548828125 0.1015625 0.1875
0 0.560546875 0.6064453125 0.1689453125 0.2841796875
1 0.9462890625 0.6875 0.107421875 0.1875
1 0.0849609375 0.806640625 0.1259765625 0.26953125
1 0.2021484375 0.83203125 0.1435546875 0.2861328125
0 0.630859375 0.8505859375 0.14453125 0.298828125
1 0.4580078125 0.8896484375 0.138671875 0.220703125