1 0.4150390625 0.2119140625 0.1435546875 0.2451171875
1 0.6865234375 0.2294921875 0.1103515625 0.169921875
1 0.8349609375 0.2412109375 0.1142578125 0.1669921875
1 0.1796875 0.4189453125 0.1318359375 0.279296875
1 0.5107421875 0.5078125 0.1201171875 0.287109375
1 0.365234375 0.5146484375 0.1474609375 0.328125
1 0.9482421875 0.5986328125 0.0888671875 0.18359375
0 0.748046875 0.611328125 0.14453125 0.25390625
1 0.31640625 0.794921875 0.1220703125 0.2353515625
1 0.4365234375 0.8115234375 0.1279296875 0.2705078125
0 0.7958984375 0.857421875 0.1279296875 0.271484375
1 0.6689453125 0.8955078125 0.10546875 0.208984375