0 0.4052734375 0.201171875 0.064453125 0.11328125
1 0.22265625 0.294921875 0.0771484375 0.1181640625
1 0.3017578125 0.33984375 0.0576171875 0.115234375
1 0.3955078125 0.384765625 0.07421875 0.091796875
0 0.8994140625 0.529296875 0.1298828125 0.2236328125
1 0.7958984375 0.55078125 0.095703125 0.1708984375
1 0.4853515625 0.5556640625 0.083984375 0.1103515625
1 0.8740234375 0.583984375 0.123046875 0.19921875
1 0.619140625 0.5947265625 0.123046875 0.185546875
1 0.521484375 0.69921875 0.091796875 0.154296875
0 0.810546875 0.705078125 0.134765625 0.1806640625
0 0.279296875 0.7802734375 0.0986328125 0.146484375
1 0.283203125 0.91796875 0.146484375 0.1611328125