1 0.3203125 0.158203125 0.146484375 0.2509765625
1 0.6279296875 0.16015625 0.1103515625 0.169921875
1 0.79296875 0.1865234375 0.1337890625 0.1826171875
1 0.0732421875 0.3779296875 0.146484375 0.296875
1 0.423828125 0.4814453125 0.126953125 0.287109375
1 0.26171875 0.4912109375 0.1474609375 0.328125
1 0.9306640625 0.5654296875 0.0986328125 0.1806640625
0 0.6689453125 0.59765625 0.154296875 0.28125
1 0.205078125 0.7587890625 0.1220703125 0.2353515625
1 0.330078125 0.7978515625 0.1279296875 0.2705078125
0 0.7353515625 0.845703125 0.14453125 0.2841796875
1 0.580078125 0.8876953125 0.115234375 0.224609375