1 0.380859375 0.935546875 0.1201171875 0.12890625
0 0.5263671875 0.939453125 0.0849609375 0.10546875
1 0.5185546875 0.2216796875 0.0634765625 0.0830078125
1 0.486328125 0.2646484375 0.0478515625 0.078125
1 0.2783203125 0.2919921875 0.0546875 0.224609375
1 0.6396484375 0.33203125 0.0556640625 0.0517578125
1 0.337890625 0.4443359375 0.0498046875 0.1669921875
0 0.5087890625 0.58203125 0.0830078125 0.197265625
0 0.5517578125 0.703125 0.0830078125 0.138671875
0 0.541015625 0.830078125 0.0927734375 0.1044921875
1 0.451171875 0.8798828125 0.10546875 0.146484375