0 0.6611328125 0.095703125 0.134765625 0.19140625
1 0.216796875 0.2001953125 0.123046875 0.2197265625
1 0.5712890625 0.2236328125 0.10546875 0.1904296875
1 0.1484375 0.353515625 0.1201171875 0.21875
0 0.3203125 0.3740234375 0.09765625 0.2255859375
1 0.62890625 0.412109375 0.11328125 0.2275390625
1 0.24609375 0.419921875 0.1005859375 0.1953125
0 0.9306640625 0.4775390625 0.095703125 0.1806640625
0 0.6298828125 0.5595703125 0.1103515625 0.208984375
1 0.8837890625 0.58984375 0.0986328125 0.2255859375
1 0.296875 0.6142578125 0.111328125 0.2109375
1 0.171875 0.697265625 0.09765625 0.1923828125
1 0.16015625 0.0703125 0.18359375 0.140625
1 0.5830078125 0.7158203125 0.1162109375 0.2294921875
1 0.4072265625 0.8564453125 0.1240234375 0.236328125
1 0.673828125 0.9052734375 0.12890625 0.18359375