0 0.365234375 0.9326171875 0.1416015625 0.134765625
0 0.1865234375 0.1865234375 0.064453125 0.11328125
1 0.0537109375 0.345703125 0.064453125 0.115234375
1 0.15625 0.390625 0.07421875 0.10546875
0 0.609375 0.4638671875 0.125 0.1923828125
1 0.505859375 0.50390625 0.095703125 0.1728515625
1 0.21484375 0.541015625 0.091796875 0.1181640625
1 0.5556640625 0.5458984375 0.1181640625 0.19921875
1 0.322265625 0.576171875 0.13671875 0.197265625
0 0.4736328125 0.669921875 0.13671875 0.2138671875
1 0.62109375 0.9111328125 0.154296875 0.17578125