1 0.2939453125 0.9306640625 0.1591796875 0.1376953125
1 0.5087890625 0.25 0.0830078125 0.1640625
0 0.294921875 0.310546875 0.1181640625 0.0888671875
1 0.5859375 0.3720703125 0.1064453125 0.162109375
1 0.3193359375 0.4140625 0.1220703125 0.1962890625
1 0.4423828125 0.4638671875 0.1025390625 0.244140625
1 0.810546875 0.4794921875 0.087890625 0.181640625
1 0.498046875 0.5029296875 0.0908203125 0.22265625
1 0.7353515625 0.51953125 0.0966796875 0.240234375
1 0.3447265625 0.5693359375 0.1376953125 0.173828125
1 0.822265625 0.626953125 0.0986328125 0.1611328125
0 0.1689453125 0.6826171875 0.1015625 0.185546875
1 0.5478515625 0.7021484375 0.12890625 0.2021484375
1 0.71484375 0.7548828125 0.111328125 0.2001953125
1 0.818359375 0.7900390625 0.1123046875 0.189453125
0 0.267578125 0.8125 0.1513671875 0.16796875
0 0.42578125 0.859375 0.1015625 0.2763671875
0 0.603515625 0.8818359375 0.1357421875 0.1875
1 0.5126953125 0.8955078125 0.115234375 0.205078125
0 0.7890625 0.923828125 0.1337890625 0.15234375