1 0.4091796875 0.2119140625 0.1435546875 0.2451171875
1 0.677734375 0.224609375 0.1103515625 0.1689453125
1 0.8291015625 0.23828125 0.1142578125 0.1669921875
1 0.1708984375 0.416015625 0.1318359375 0.279296875
1 0.505859375 0.5078125 0.1201171875 0.287109375
1 0.3564453125 0.51953125 0.1474609375 0.328125
1 0.9482421875 0.5927734375 0.0888671875 0.18359375
0 0.740234375 0.611328125 0.14453125 0.25390625
1 0.2998046875 0.796875 0.1220703125 0.2353515625
1 0.4287109375 0.8134765625 0.1279296875 0.2705078125
0 0.7939453125 0.84375 0.1337890625 0.265625
1 0.658203125 0.888671875 0.1142578125 0.20703125