1 0.3740234375 0.181640625 0.16015625 0.20703125
1 0.1630859375 0.1923828125 0.1279296875 0.203125
0 0.5244140625 0.2646484375 0.1396484375 0.1953125
1 0.8974609375 0.3017578125 0.1728515625 0.1845703125
1 0.23046875 0.38671875 0.109375 0.1923828125
1 0.6884765625 0.5205078125 0.1435546875 0.2236328125
1 0.5458984375 0.5947265625 0.126953125 0.2138671875
0 0.1552734375 0.712890625 0.1923828125 0.3330078125
1 0.654296875 0.7216796875 0.134765625 0.21875
1 0.87109375 0.07421875 0.14453125 0.1484375
0 0.2392578125 0.9013671875 0.162109375 0.1962890625