1 0.1005859375 0.1142578125 0.099609375 0.2001953125
1 0.5224609375 0.1455078125 0.115234375 0.205078125
1 0.7509765625 0.21875 0.10546875 0.16796875
1 0.34375 0.2529296875 0.134765625 0.2255859375
1 0.6044921875 0.3095703125 0.107421875 0.1875
1 0.7783203125 0.4677734375 0.1083984375 0.1953125
1 0.5341796875 0.4931640625 0.1298828125 0.2587890625
1 0.6591796875 0.5732421875 0.138671875 0.2421875
1 0.31640625 0.6396484375 0.1484375 0.2412109375
1 0.4873046875 0.7724609375 0.1318359375 0.2197265625
1 0.6748046875 0.8408203125 0.1162109375 0.23828125
1 0.9326171875 0.85546875 0.1162109375 0.197265625
1 0.291015625 0.87890625 0.15234375 0.2421875
1 0.4091796875 0.896484375 0.1474609375 0.20703125