1 0.3662109375 0.1650390625 0.1435546875 0.2451171875
1 0.6640625 0.1796875 0.1103515625 0.169921875
1 0.8251953125 0.208984375 0.1142578125 0.1669921875
1 0.119140625 0.3828125 0.1318359375 0.279296875
1 0.4638671875 0.494140625 0.1201171875 0.287109375
1 0.3017578125 0.501953125 0.1474609375 0.328125
1 0.94921875 0.5908203125 0.0986328125 0.1806640625
0 0.7099609375 0.61328125 0.154296875 0.2607421875
1 0.255859375 0.779296875 0.1220703125 0.2353515625
1 0.375 0.80859375 0.1279296875 0.2705078125
0 0.763671875 0.8505859375 0.14453125 0.2841796875
1 0.6201171875 0.888671875 0.115234375 0.2119140625