1 0.4990234375 0.1484375 0.119140625 0.1875
1 0.6865234375 0.158203125 0.1494140625 0.1923828125
1 0.1611328125 0.19140625 0.1494140625 0.2626953125
1 0.2724609375 0.498046875 0.130859375 0.2900390625
1 0.947265625 0.5029296875 0.10546875 0.203125
1 0.103515625 0.5390625 0.158203125 0.326171875
1 0.8388671875 0.5576171875 0.1044921875 0.205078125
0 0.5302734375 0.619140625 0.1689453125 0.2841796875
1 0.9365234375 0.6923828125 0.126953125 0.201171875
1 0.0615234375 0.830078125 0.1220703125 0.2744140625
1 0.1728515625 0.8447265625 0.1435546875 0.291015625
0 0.603515625 0.857421875 0.14453125 0.2841796875
1 0.427734375 0.9013671875 0.1337890625 0.1962890625