1 0.1279296875 0.1064453125 0.1728515625 0.212890625
0 0.7197265625 0.181640625 0.197265625 0.341796875
0 0.9443359375 0.2265625 0.1103515625 0.3173828125
1 0.580078125 0.2822265625 0.146484375 0.314453125
1 0.189453125 0.486328125 0.2041015625 0.3125
1 0.763671875 0.525390625 0.197265625 0.3076171875
0 0.9326171875 0.529296875 0.1337890625 0.2783203125
0 0.306640625 0.7080078125 0.1396484375 0.3212890625
1 0.634765625 0.8046875 0.142578125 0.3447265625
0 0.900390625 0.8134765625 0.1376953125 0.205078125
1 0.4765625 0.8369140625 0.2265625 0.326171875
1 0.7578125 0.8427734375 0.119140625 0.314453125