1 0.109375 0.09765625 0.197265625 0.1953125
0 0.7529296875 0.1787109375 0.1787109375 0.3310546875
0 0.9189453125 0.205078125 0.1259765625 0.3046875
1 0.58203125 0.2744140625 0.146484375 0.314453125
1 0.2138671875 0.4775390625 0.19921875 0.326171875
0 0.9091796875 0.4970703125 0.1318359375 0.259765625
1 0.77734375 0.5078125 0.1435546875 0.271484375
0 0.33203125 0.7001953125 0.1748046875 0.3115234375
0 0.87890625 0.7529296875 0.1494140625 0.2119140625
1 0.666015625 0.7666015625 0.1328125 0.349609375
1 0.763671875 0.7978515625 0.0927734375 0.3017578125
1 0.5458984375 0.822265625 0.208984375 0.35546875