1 0.24609375 0.2138671875 0.16796875 0.2431640625
1 0.0556640625 0.2294921875 0.1103515625 0.2431640625
0 0.4111328125 0.2646484375 0.1513671875 0.1708984375
0 0.578125 0.279296875 0.1513671875 0.25
1 0.7880859375 0.296875 0.1318359375 0.1923828125
0 0.37890625 0.4306640625 0.13671875 0.26171875
1 0.5849609375 0.53125 0.14453125 0.228515625
0 0.4462890625 0.626953125 0.14453125 0.2568359375
0 0.5634765625 0.7509765625 0.1396484375 0.248046875
0 0.072265625 0.794921875 0.1416015625 0.365234375
0 0.55078125 0.9228515625 0.16796875 0.1513671875