1 0.201171875 0.9375 0.1142578125 0.125
1 0.4736328125 0.1162109375 0.1162109375 0.1875
1 0.6318359375 0.17578125 0.1259765625 0.1904296875
1 0.7294921875 0.203125 0.111328125 0.1884765625
0 0.1953125 0.2041015625 0.146484375 0.181640625
0 0.513671875 0.2666015625 0.1181640625 0.1875
1 0.42578125 0.29296875 0.123046875 0.25390625
1 0.2158203125 0.3486328125 0.18359375 0.2236328125
0 0.7001953125 0.3671875 0.1279296875 0.2529296875
1 0.2685546875 0.5234375 0.123046875 0.2197265625
1 0.6162109375 0.5234375 0.1171875 0.1904296875
1 0.1953125 0.6474609375 0.1201171875 0.21875
0 0.3603515625 0.66796875 0.09765625 0.2255859375
1 0.2763671875 0.720703125 0.1005859375 0.1953125
1 0.6787109375 0.7294921875 0.11328125 0.2275390625
1 0.755859375 0.078125 0.1025390625 0.1435546875
1 0.931640625 0.88671875 0.0986328125 0.2255859375
1 0.3291015625 0.8955078125 0.111328125 0.2080078125