1 0.4306640625 0.140625 0.119140625 0.1875
1 0.6171875 0.1611328125 0.1494140625 0.1923828125
1 0.080078125 0.1904296875 0.16015625 0.267578125
1 0.892578125 0.5068359375 0.1240234375 0.2255859375
1 0.1845703125 0.5302734375 0.134765625 0.302734375
1 0.0537109375 0.5576171875 0.107421875 0.3173828125
1 0.7783203125 0.55859375 0.119140625 0.2080078125
0 0.4443359375 0.634765625 0.185546875 0.310546875
1 0.8701171875 0.6865234375 0.126953125 0.201171875
1 0.0791015625 0.8583984375 0.146484375 0.283203125
0 0.52734375 0.8720703125 0.15234375 0.255859375
1 0.3369140625 0.91015625 0.138671875 0.1796875