0 0.23046875 0.189453125 0.064453125 0.115234375
1 0.0322265625 0.30078125 0.064453125 0.1201171875
1 0.1044921875 0.33984375 0.0576171875 0.115234375
1 0.205078125 0.384765625 0.07421875 0.10546875
0 0.673828125 0.46484375 0.125 0.1923828125
1 0.5712890625 0.5068359375 0.095703125 0.1728515625
1 0.6259765625 0.537109375 0.1181640625 0.19921875
1 0.2763671875 0.5419921875 0.083984375 0.1103515625
1 0.392578125 0.580078125 0.123046875 0.185546875
0 0.5517578125 0.6650390625 0.134765625 0.1943359375
1 0.2958984375 0.69921875 0.0888671875 0.154296875
0 0.0673828125 0.802734375 0.0986328125 0.146484375
1 0.7138671875 0.9111328125 0.154296875 0.1728515625
1 0.0458984375 0.921875 0.091796875 0.154296875