1 0.5087890625 0.25 0.0830078125 0.1640625
0 0.294921875 0.296875 0.1181640625 0.115234375
1 0.583984375 0.353515625 0.1064453125 0.162109375
1 0.3173828125 0.3994140625 0.1220703125 0.1962890625
1 0.4384765625 0.455078125 0.1025390625 0.244140625
1 0.810546875 0.4794921875 0.087890625 0.181640625
1 0.4951171875 0.4931640625 0.0908203125 0.22265625
1 0.7353515625 0.51953125 0.0966796875 0.240234375
1 0.34375 0.5625 0.1376953125 0.173828125
1 0.8193359375 0.60546875 0.0986328125 0.1611328125
0 0.158203125 0.6484375 0.1015625 0.185546875
1 0.5478515625 0.7021484375 0.12890625 0.2021484375
1 0.712890625 0.7294921875 0.111328125 0.2001953125
1 0.8134765625 0.7724609375 0.1123046875 0.189453125
0 0.255859375 0.787109375 0.1513671875 0.16796875
0 0.42578125 0.859375 0.1015625 0.2763671875
0 0.5986328125 0.8671875 0.1357421875 0.1875
1 0.5126953125 0.8857421875 0.115234375 0.2255859375
0 0.7890625 0.912109375 0.1337890625 0.17578125
1 0.2919921875 0.9150390625 0.158203125 0.169921875