0 0.302734375 0.19140625 0.0625 0.11328125
1 0.1044921875 0.2919921875 0.07421875 0.1181640625
1 0.185546875 0.3330078125 0.060546875 0.115234375
1 0.2919921875 0.3798828125 0.07421875 0.091796875
0 0.771484375 0.4697265625 0.125 0.1923828125
1 0.666015625 0.5087890625 0.095703125 0.1728515625
1 0.3662109375 0.5419921875 0.083984375 0.1103515625
1 0.7353515625 0.546875 0.123046875 0.19921875
1 0.4912109375 0.5732421875 0.123046875 0.185546875
0 0.6611328125 0.67578125 0.134765625 0.1943359375
1 0.3955078125 0.693359375 0.0888671875 0.154296875
0 0.1650390625 0.7802734375 0.0986328125 0.146484375
1 0.837890625 0.912109375 0.15625 0.1708984375
1 0.1318359375 0.9130859375 0.146484375 0.1708984375