1 0.169921875 0.140625 0.1513671875 0.2763671875
1 0.33984375 0.1513671875 0.203125 0.302734375
1 0.9072265625 0.18359375 0.185546875 0.3671875
1 0.650390625 0.255859375 0.1962890625 0.474609375
1 0.0703125 0.294921875 0.140625 0.35546875
1 0.4736328125 0.357421875 0.193359375 0.2841796875
1 0.6513671875 0.5751953125 0.1982421875 0.2900390625
1 0.5 0.6552734375 0.2216796875 0.3564453125
1 0.96484375 0.7822265625 0.0693359375 0.3916015625
1 0.822265625 0.794921875 0.1806640625 0.4091796875
1 0.5673828125 0.8291015625 0.19140625 0.337890625