0 0.291015625 0.1943359375 0.0625 0.115234375
1 0.0947265625 0.2919921875 0.0771484375 0.1181640625
1 0.177734375 0.3330078125 0.060546875 0.115234375
1 0.2919921875 0.3798828125 0.07421875 0.091796875
0 0.76171875 0.4697265625 0.125 0.1923828125
1 0.6572265625 0.5087890625 0.095703125 0.1728515625
1 0.3583984375 0.541015625 0.083984375 0.1103515625
1 0.728515625 0.55078125 0.123046875 0.19921875
1 0.48046875 0.572265625 0.123046875 0.185546875
0 0.6552734375 0.66015625 0.1318359375 0.1943359375
1 0.38671875 0.6875 0.091796875 0.154296875
0 0.1572265625 0.7763671875 0.0986328125 0.146484375
1 0.8232421875 0.912109375 0.154296875 0.1728515625
1 0.1162109375 0.9130859375 0.146484375 0.1708984375