1 0.6162109375 0.13671875 0.1103515625 0.1904296875
0 0.1884765625 0.16796875 0.146484375 0.1748046875
1 0.720703125 0.1787109375 0.1240234375 0.1513671875
0 0.51171875 0.23828125 0.1181640625 0.1875
1 0.421875 0.2587890625 0.123046875 0.25390625
1 0.201171875 0.3017578125 0.18359375 0.1962890625
0 0.693359375 0.3037109375 0.1279296875 0.2529296875
1 0.6083984375 0.482421875 0.1123046875 0.1904296875
1 0.2587890625 0.484375 0.123046875 0.2197265625
1 0.19140625 0.6064453125 0.1201171875 0.21875
0 0.35546875 0.634765625 0.09765625 0.2255859375
1 0.6572265625 0.6650390625 0.11328125 0.2275390625
1 0.2685546875 0.677734375 0.1005859375 0.1953125
1 0.4638671875 0.0810546875 0.1162109375 0.162109375
1 0.9140625 0.8408203125 0.0986328125 0.2255859375
1 0.3271484375 0.8798828125 0.111328125 0.240234375
1 0.19921875 0.921875 0.1142578125 0.1552734375