1 0.8447265625 0.150390625 0.2138671875 0.30078125
1 0.0859375 0.1962890625 0.1435546875 0.234375
0 0.427734375 0.2021484375 0.2265625 0.357421875
0 0.6474609375 0.26171875 0.189453125 0.3203125
1 0.814453125 0.51171875 0.197265625 0.349609375
1 0.5546875 0.53515625 0.2294921875 0.3125
1 0.1015625 0.546875 0.1435546875 0.2626953125
1 0.443359375 0.814453125 0.154296875 0.3505859375
0 0.810546875 0.828125 0.1689453125 0.2412109375
1 0.59765625 0.837890625 0.14453125 0.32421875
1 0.275390625 0.8525390625 0.177734375 0.294921875