1 0.5458984375 0.1484375 0.119140625 0.1875
1 0.212890625 0.1513671875 0.1494140625 0.2626953125
1 0.7265625 0.1552734375 0.138671875 0.1875
1 0.326171875 0.4853515625 0.130859375 0.2900390625
1 0.9560546875 0.490234375 0.087890625 0.1875
1 0.1552734375 0.5048828125 0.1474609375 0.328125
1 0.87109375 0.548828125 0.1015625 0.1875
0 0.5810546875 0.6015625 0.162109375 0.28125
1 0.9462890625 0.66796875 0.107421875 0.1982421875
1 0.109375 0.7880859375 0.1259765625 0.26953125
1 0.2275390625 0.826171875 0.1435546875 0.2861328125
0 0.6494140625 0.8505859375 0.14453125 0.298828125
1 0.48046875 0.8896484375 0.13671875 0.220703125