1 0.4091796875 0.107421875 0.115234375 0.21484375
1 0.48046875 0.1953125 0.107421875 0.2158203125
0 0.6826171875 0.20703125 0.1396484375 0.203125
1 0.3740234375 0.330078125 0.0986328125 0.21875
0 0.1884765625 0.33984375 0.123046875 0.1884765625
1 0.6962890625 0.40625 0.1162109375 0.1943359375
0 0.32421875 0.4453125 0.11328125 0.30859375
1 0.6005859375 0.607421875 0.099609375 0.2265625
0 0.056640625 0.609375 0.1044921875 0.189453125
1 0.5009765625 0.626953125 0.1083984375 0.2421875
0 0.3603515625 0.6728515625 0.130859375 0.1962890625
1 0.3798828125 0.8984375 0.134765625 0.203125