0 0.3740234375 0.931640625 0.111328125 0.1357421875
1 0.83984375 0.9501953125 0.107421875 0.099609375
1 0.3291015625 0.4326171875 0.1220703125 0.119140625
1 0.515625 0.4375 0.0966796875 0.1689453125
0 0.326171875 0.5146484375 0.115234375 0.134765625
1 0.599609375 0.5546875 0.1123046875 0.1650390625
1 0.3251953125 0.615234375 0.130859375 0.2021484375
1 0.4560546875 0.666015625 0.1142578125 0.2568359375
1 0.8349609375 0.6845703125 0.0791015625 0.1513671875
1 0.7626953125 0.7255859375 0.0947265625 0.2451171875
1 0.3544921875 0.7802734375 0.140625 0.1796875
1 0.84765625 0.8203125 0.0986328125 0.154296875
0 0.1630859375 0.884765625 0.1044921875 0.16796875
1 0.5751953125 0.9150390625 0.140625 0.169921875