1 0.3759765625 0.19140625 0.083984375 0.1259765625
1 0.3388671875 0.3603515625 0.1025390625 0.1162109375
1 0.509765625 0.3798828125 0.09765625 0.1806640625
0 0.3154296875 0.4345703125 0.12890625 0.126953125
1 0.60546875 0.4912109375 0.1064453125 0.1533203125
1 0.330078125 0.5537109375 0.1220703125 0.1962890625
1 0.4560546875 0.59765625 0.1025390625 0.294921875
1 0.8251953125 0.6376953125 0.087890625 0.181640625
1 0.509765625 0.6484375 0.0908203125 0.22265625
1 0.755859375 0.67578125 0.0966796875 0.240234375
1 0.3564453125 0.716796875 0.1376953125 0.185546875
1 0.0654296875 0.7255859375 0.08203125 0.119140625
1 0.841796875 0.76171875 0.0986328125 0.1611328125
0 0.1669921875 0.822265625 0.1015625 0.1669921875
1 0.5771484375 0.8505859375 0.12890625 0.2021484375
1 0.953125 0.85546875 0.0927734375 0.197265625
1 0.73828125 0.90625 0.1103515625 0.181640625
1 0.8330078125 0.9072265625 0.1123046875 0.185546875
0 0.2841796875 0.9169921875 0.1513671875 0.1630859375
1 0.0419921875 0.919921875 0.083984375 0.15625