1 0.32421875 0.939453125 0.134765625 0.12109375
1 0.48046875 0.1201171875 0.0869140625 0.1640625
1 0.5634765625 0.236328125 0.1044921875 0.1591796875
1 0.2900390625 0.2744140625 0.1064453125 0.2041015625
1 0.40625 0.3095703125 0.1103515625 0.248046875
1 0.7099609375 0.3818359375 0.09765625 0.2412109375
1 0.3115234375 0.400390625 0.1416015625 0.18359375
1 0.7958984375 0.462890625 0.095703125 0.1630859375
0 0.134765625 0.5439453125 0.1162109375 0.1513671875
1 0.521484375 0.5576171875 0.130859375 0.1884765625
1 0.6865234375 0.5869140625 0.107421875 0.20703125
1 0.7861328125 0.603515625 0.099609375 0.1796875
0 0.2333984375 0.6640625 0.123046875 0.1767578125
0 0.4013671875 0.7470703125 0.1171875 0.25
1 0.4873046875 0.7666015625 0.111328125 0.2763671875
1 0.263671875 0.814453125 0.169921875 0.2021484375
0 0.7646484375 0.8359375 0.1357421875 0.26171875