1 0.4638671875 0.09375 0.1162109375 0.1875
1 0.6259765625 0.14453125 0.1259765625 0.1904296875
0 0.1884765625 0.1767578125 0.146484375 0.193359375
1 0.7197265625 0.203125 0.1240234375 0.1884765625
1 0.421875 0.2587890625 0.123046875 0.25390625
0 0.513671875 0.2666015625 0.1181640625 0.1875
0 0.693359375 0.3037109375 0.1279296875 0.2529296875
1 0.201171875 0.3154296875 0.18359375 0.2236328125
1 0.615234375 0.5068359375 0.1123046875 0.1904296875
1 0.263671875 0.5107421875 0.123046875 0.2197265625
1 0.19140625 0.615234375 0.1201171875 0.21875
0 0.359375 0.66796875 0.09765625 0.2255859375
1 0.666015625 0.7001953125 0.11328125 0.2275390625
1 0.275390625 0.7080078125 0.1005859375 0.1953125
1 0.75390625 0.0712890625 0.1015625 0.142578125
1 0.919921875 0.8671875 0.0986328125 0.2255859375
1 0.3271484375 0.8955078125 0.111328125 0.2080078125
1 0.19921875 0.921875 0.1142578125 0.1552734375