0 0.34765625 0.201171875 0.0625 0.11328125
1 0.162109375 0.2822265625 0.0771484375 0.1181640625
1 0.240234375 0.3388671875 0.060546875 0.115234375
1 0.3369140625 0.37890625 0.07421875 0.091796875
0 0.82421875 0.486328125 0.125 0.1923828125
1 0.724609375 0.529296875 0.095703125 0.1728515625
1 0.4306640625 0.5478515625 0.083984375 0.1103515625
1 0.798828125 0.5625 0.123046875 0.19921875
1 0.560546875 0.5849609375 0.123046875 0.185546875
0 0.7353515625 0.6865234375 0.1318359375 0.1943359375
1 0.453125 0.6923828125 0.091796875 0.154296875
0 0.224609375 0.76953125 0.0986328125 0.146484375
1 0.2041015625 0.9130859375 0.146484375 0.1708984375
1 0.908203125 0.9169921875 0.158203125 0.1611328125