0 0.134765625 0.9326171875 0.1416015625 0.134765625
1 0.4833984375 0.1103515625 0.05078125 0.08203125
1 0.5458984375 0.1181640625 0.0556640625 0.083984375
1 0.521484375 0.162109375 0.0673828125 0.0791015625
0 0.0322265625 0.1884765625 0.0625 0.115234375
0 0.4365234375 0.4384765625 0.125 0.1923828125
1 0.3232421875 0.4931640625 0.095703125 0.1728515625
1 0.3662109375 0.537109375 0.115234375 0.19921875
1 0.0458984375 0.568359375 0.091796875 0.1181640625
1 0.1396484375 0.6103515625 0.13671875 0.197265625
0 0.2724609375 0.68359375 0.1396484375 0.2138671875
1 0.408203125 0.9169921875 0.154296875 0.1611328125