1 0.8056640625 0.158203125 0.2138671875 0.30078125
1 0.0712890625 0.2109375 0.142578125 0.234375
0 0.3974609375 0.216796875 0.2265625 0.357421875
0 0.630859375 0.2763671875 0.189453125 0.3203125
1 0.7900390625 0.51953125 0.197265625 0.349609375
1 0.5341796875 0.55078125 0.2294921875 0.3125
1 0.0859375 0.5576171875 0.1435546875 0.2626953125
1 0.4287109375 0.82421875 0.154296875 0.3505859375
0 0.7802734375 0.84375 0.1689453125 0.2412109375
1 0.5810546875 0.8525390625 0.1494140625 0.294921875
1 0.2587890625 0.8525390625 0.177734375 0.294921875