0 0.1826171875 0.126953125 0.146484375 0.1748046875
1 0.7197265625 0.1357421875 0.1240234375 0.1513671875
0 0.501953125 0.173828125 0.1181640625 0.1630859375
1 0.4150390625 0.212890625 0.123046875 0.2119140625
1 0.197265625 0.2646484375 0.18359375 0.1962890625
0 0.693359375 0.2802734375 0.1279296875 0.244140625
1 0.5927734375 0.3955078125 0.1123046875 0.1904296875
1 0.255859375 0.419921875 0.123046875 0.2197265625
1 0.1787109375 0.5537109375 0.1201171875 0.21875
0 0.3427734375 0.5693359375 0.09765625 0.2255859375
1 0.267578125 0.6220703125 0.1005859375 0.1953125
1 0.65234375 0.640625 0.11328125 0.2275390625
1 0.4541015625 0.0654296875 0.115234375 0.130859375
1 0.904296875 0.78125 0.0986328125 0.2255859375
1 0.31640625 0.8466796875 0.111328125 0.2109375
1 0.6171875 0.0888671875 0.1103515625 0.1767578125
1 0.19921875 0.9033203125 0.1142578125 0.1923828125