1 0.44921875 0.1484375 0.119140625 0.1875
1 0.6435546875 0.1611328125 0.1494140625 0.1923828125
1 0.1005859375 0.1943359375 0.1611328125 0.2685546875
1 0.9072265625 0.5087890625 0.1240234375 0.2255859375
1 0.212890625 0.5302734375 0.134765625 0.302734375
1 0.7958984375 0.5556640625 0.107421875 0.216796875
1 0.0634765625 0.556640625 0.126953125 0.31640625
0 0.47265625 0.62890625 0.1787109375 0.3046875
1 0.896484375 0.6865234375 0.126953125 0.201171875
0 0.544921875 0.857421875 0.14453125 0.2841796875
1 0.109375 0.8583984375 0.146484375 0.283203125
1 0.361328125 0.91015625 0.140625 0.1796875