1 0.6142578125 0.1435546875 0.1103515625 0.169921875
1 0.3017578125 0.158203125 0.146484375 0.2509765625
1 0.7744140625 0.1806640625 0.1337890625 0.1826171875
1 0.0615234375 0.373046875 0.123046875 0.287109375
1 0.40234375 0.4814453125 0.126953125 0.287109375
1 0.2412109375 0.4892578125 0.1474609375 0.328125
1 0.916015625 0.5615234375 0.1015625 0.1875
0 0.654296875 0.5888671875 0.154296875 0.28125
1 0.18359375 0.7763671875 0.130859375 0.24609375
1 0.3125 0.8037109375 0.1337890625 0.2763671875
0 0.71875 0.8447265625 0.14453125 0.298828125
1 0.5595703125 0.8876953125 0.12890625 0.2197265625