0 0.26953125 0.1884765625 0.0625 0.115234375
1 0.0673828125 0.29296875 0.07421875 0.1181640625
1 0.15234375 0.34375 0.060546875 0.115234375
1 0.25390625 0.3798828125 0.07421875 0.091796875
0 0.73046875 0.4736328125 0.125 0.1923828125
1 0.6298828125 0.513671875 0.095703125 0.1728515625
1 0.326171875 0.541015625 0.083984375 0.1103515625
1 0.6943359375 0.5458984375 0.123046875 0.19921875
1 0.4541015625 0.578125 0.123046875 0.185546875
0 0.6240234375 0.6650390625 0.1318359375 0.1943359375
1 0.359375 0.697265625 0.091796875 0.154296875
0 0.1259765625 0.779296875 0.0986328125 0.146484375
1 0.7958984375 0.912109375 0.154296875 0.1728515625
1 0.087890625 0.9130859375 0.146484375 0.1708984375