0 0.662109375 0.1181640625 0.1005859375 0.1533203125
1 0.5576171875 0.2197265625 0.1025390625 0.205078125
1 0.427734375 0.248046875 0.126953125 0.2421875
1 0.6796875 0.2705078125 0.1357421875 0.17578125
1 0.2626953125 0.3310546875 0.146484375 0.1455078125
1 0.3525390625 0.396484375 0.1318359375 0.263671875
1 0.447265625 0.4326171875 0.1044921875 0.2333984375
0 0.5380859375 0.4521484375 0.0966796875 0.224609375
0 0.248046875 0.466796875 0.1123046875 0.2041015625
1 0.1669921875 0.486328125 0.0966796875 0.2109375
1 0.0625 0.5166015625 0.1044921875 0.1845703125
1 0.7890625 0.5205078125 0.109375 0.236328125
1 0.6962890625 0.521484375 0.1142578125 0.2314453125
0 0.5908203125 0.595703125 0.1220703125 0.2744140625
1 0.9052734375 0.6396484375 0.1142578125 0.1748046875
1 0.9482421875 0.822265625 0.1025390625 0.185546875
1 0.708984375 0.8359375 0.1181640625 0.2197265625
0 0.4384765625 0.8740234375 0.1240234375 0.251953125