0 0.3974609375 0.1923828125 0.064453125 0.11328125
1 0.20703125 0.2861328125 0.0771484375 0.1181640625
1 0.2880859375 0.3330078125 0.0576171875 0.115234375
1 0.3857421875 0.3837890625 0.07421875 0.091796875
0 0.8798828125 0.515625 0.1298828125 0.2236328125
1 0.779296875 0.537109375 0.095703125 0.1728515625
1 0.4755859375 0.552734375 0.083984375 0.1103515625
1 0.853515625 0.583984375 0.123046875 0.19921875
1 0.611328125 0.59375 0.123046875 0.185546875
0 0.796875 0.6923828125 0.134765625 0.197265625
1 0.5087890625 0.697265625 0.091796875 0.154296875
0 0.275390625 0.7724609375 0.0986328125 0.146484375
1 0.267578125 0.9130859375 0.1494140625 0.1708984375