0 0.2353515625 0.189453125 0.0625 0.115234375
1 0.0380859375 0.2998046875 0.076171875 0.119140625
1 0.115234375 0.33984375 0.060546875 0.115234375
1 0.2099609375 0.3857421875 0.07421875 0.10546875
0 0.6884765625 0.4638671875 0.125 0.1923828125
1 0.5849609375 0.5068359375 0.095703125 0.1728515625
1 0.640625 0.5400390625 0.1181640625 0.19921875
1 0.2822265625 0.5419921875 0.083984375 0.1103515625
1 0.3974609375 0.580078125 0.123046875 0.185546875
0 0.55078125 0.6728515625 0.134765625 0.1943359375
1 0.306640625 0.6982421875 0.0888671875 0.154296875
0 0.0791015625 0.8056640625 0.0986328125 0.146484375
1 0.720703125 0.9111328125 0.154296875 0.1728515625
1 0.0458984375 0.921875 0.091796875 0.154296875