1 0.1044921875 0.1142578125 0.17578125 0.228515625
0 0.9345703125 0.16796875 0.1279296875 0.328125
0 0.6474609375 0.1708984375 0.208984375 0.341796875
1 0.806640625 0.2744140625 0.134765625 0.267578125
1 0.5166015625 0.28515625 0.1240234375 0.2783203125
0 0.9169921875 0.4921875 0.1484375 0.28125
1 0.150390625 0.50390625 0.1806640625 0.28125
1 0.7236328125 0.5087890625 0.1982421875 0.2890625
0 0.279296875 0.705078125 0.125 0.30078125
1 0.587890625 0.7880859375 0.14453125 0.36328125
0 0.8955078125 0.7978515625 0.158203125 0.2197265625
1 0.7197265625 0.818359375 0.1259765625 0.3017578125
1 0.41796875 0.8369140625 0.2265625 0.326171875