1 0.1171875 0.1015625 0.1845703125 0.203125
0 0.7275390625 0.18359375 0.197265625 0.341796875
0 0.9443359375 0.2265625 0.1103515625 0.3173828125
1 0.580078125 0.2822265625 0.146484375 0.314453125
1 0.1806640625 0.48046875 0.2041015625 0.3203125
1 0.75390625 0.52734375 0.185546875 0.3017578125
0 0.927734375 0.529296875 0.1337890625 0.2783203125
0 0.306640625 0.7080078125 0.1396484375 0.3212890625
1 0.634765625 0.8046875 0.142578125 0.3447265625
0 0.888671875 0.8212890625 0.1376953125 0.205078125
1 0.4765625 0.8369140625 0.2265625 0.326171875
1 0.7509765625 0.8427734375 0.119140625 0.314453125