0 0.607421875 0.9365234375 0.130859375 0.126953125
0 0.7900390625 0.943359375 0.130859375 0.11328125
1 0.3486328125 0.3330078125 0.115234375 0.107421875
1 0.5166015625 0.3447265625 0.0830078125 0.1640625
0 0.310546875 0.419921875 0.12890625 0.12890625
1 0.6064453125 0.4599609375 0.1064453125 0.162109375
1 0.328125 0.5126953125 0.1220703125 0.1962890625
1 0.4501953125 0.5595703125 0.1025390625 0.244140625
1 0.826171875 0.5751953125 0.087890625 0.181640625
1 0.513671875 0.61328125 0.0908203125 0.22265625
1 0.7490234375 0.642578125 0.0966796875 0.240234375
1 0.080078125 0.669921875 0.1103515625 0.1396484375
1 0.3525390625 0.6845703125 0.1376953125 0.185546875
1 0.83984375 0.720703125 0.0986328125 0.1611328125
0 0.1708984375 0.7822265625 0.1015625 0.1669921875
1 0.5703125 0.8232421875 0.12890625 0.2021484375
1 0.953125 0.826171875 0.0927734375 0.197265625
1 0.8349609375 0.8876953125 0.1123046875 0.189453125
1 0.04296875 0.888671875 0.083984375 0.15625
0 0.283203125 0.908203125 0.15234375 0.18359375