1 0.3056640625 0.19921875 0.16796875 0.2431640625
1 0.0888671875 0.216796875 0.1318359375 0.220703125
0 0.458984375 0.267578125 0.1513671875 0.1708984375
0 0.6240234375 0.2724609375 0.1513671875 0.25
1 0.8271484375 0.3056640625 0.1318359375 0.1923828125
0 0.4228515625 0.42578125 0.134765625 0.26171875
1 0.6318359375 0.529296875 0.14453125 0.228515625
0 0.486328125 0.6162109375 0.14453125 0.2568359375
0 0.5986328125 0.744140625 0.1396484375 0.248046875
0 0.095703125 0.765625 0.189453125 0.345703125
0 0.5947265625 0.9228515625 0.166015625 0.1513671875