1 0.8671875 0.1396484375 0.2158203125 0.279296875
0 0.4453125 0.19140625 0.2265625 0.357421875
1 0.0947265625 0.1962890625 0.1435546875 0.234375
0 0.6748046875 0.26171875 0.189453125 0.3203125
1 0.84765625 0.4912109375 0.197265625 0.349609375
1 0.58203125 0.51953125 0.2177734375 0.302734375
1 0.1181640625 0.5419921875 0.1435546875 0.2626953125
1 0.466796875 0.8095703125 0.154296875 0.3505859375
0 0.833984375 0.818359375 0.1689453125 0.2412109375
1 0.625 0.837890625 0.14453125 0.32421875
1 0.294921875 0.8525390625 0.177734375 0.294921875