1 0.501953125 0.2255859375 0.0830078125 0.1640625
0 0.294921875 0.2958984375 0.1181640625 0.115234375
1 0.58203125 0.33984375 0.1064453125 0.162109375
1 0.3154296875 0.3837890625 0.1220703125 0.1962890625
1 0.431640625 0.4189453125 0.1025390625 0.244140625
1 0.4873046875 0.455078125 0.0908203125 0.22265625
1 0.8095703125 0.4609375 0.087890625 0.181640625
1 0.7294921875 0.517578125 0.0966796875 0.240234375
1 0.3369140625 0.5439453125 0.1376953125 0.173828125
1 0.8193359375 0.6005859375 0.0986328125 0.1611328125
0 0.158203125 0.6484375 0.1015625 0.185546875
1 0.544921875 0.677734375 0.12890625 0.2021484375
1 0.712890625 0.7294921875 0.111328125 0.2001953125
1 0.814453125 0.75390625 0.1123046875 0.189453125
0 0.255859375 0.7841796875 0.1513671875 0.16796875
0 0.599609375 0.857421875 0.1357421875 0.1875
0 0.42578125 0.859375 0.1015625 0.2763671875
1 0.5126953125 0.87890625 0.115234375 0.2421875
0 0.7890625 0.904296875 0.1337890625 0.19140625
1 0.2861328125 0.90625 0.1591796875 0.1875