1 0.1416015625 0.9267578125 0.146484375 0.146484375
1 0.2587890625 0.1455078125 0.1279296875 0.203125
1 0.462890625 0.1591796875 0.16796875 0.205078125
0 0.6015625 0.2333984375 0.138671875 0.169921875
1 0.94140625 0.2978515625 0.1171875 0.173828125
1 0.3271484375 0.3662109375 0.109375 0.1923828125
1 0.7666015625 0.513671875 0.1435546875 0.2236328125
1 0.052734375 0.5380859375 0.10546875 0.302734375
1 0.6220703125 0.5791015625 0.126953125 0.2080078125
0 0.2509765625 0.6611328125 0.189453125 0.3232421875
1 0.732421875 0.712890625 0.134765625 0.21875
1 0.93359375 0.0791015625 0.1328125 0.158203125
0 0.3349609375 0.8857421875 0.1591796875 0.2275390625