1 0.5869140625 0.1484375 0.119140625 0.1875
1 0.263671875 0.158203125 0.1494140625 0.2626953125
1 0.7607421875 0.166015625 0.1337890625 0.1826171875
1 0.041015625 0.373046875 0.08203125 0.287109375
1 0.3603515625 0.48046875 0.130859375 0.2900390625
1 0.1923828125 0.4912109375 0.1474609375 0.328125
1 0.8955078125 0.5615234375 0.1015625 0.1875
0 0.6162109375 0.59765625 0.162109375 0.28125
1 0.134765625 0.7822265625 0.1328125 0.2666015625
1 0.26953125 0.7978515625 0.1337890625 0.2763671875
0 0.677734375 0.8505859375 0.14453125 0.298828125
1 0.5166015625 0.8896484375 0.138671875 0.220703125