0 0.3173828125 0.9326171875 0.1416015625 0.134765625
0 0.162109375 0.1923828125 0.064453125 0.11328125
1 0.0322265625 0.3525390625 0.0625 0.115234375
1 0.1298828125 0.3916015625 0.07421875 0.10546875
0 0.58203125 0.46484375 0.125 0.1923828125
1 0.47265625 0.5068359375 0.09375 0.1728515625
1 0.509765625 0.537109375 0.1181640625 0.19921875
1 0.1826171875 0.5478515625 0.091796875 0.1181640625
1 0.2919921875 0.580078125 0.13671875 0.197265625
0 0.431640625 0.6787109375 0.1396484375 0.2138671875
1 0.580078125 0.9169921875 0.1513671875 0.1611328125