1 0.2939453125 0.9375 0.1591796875 0.1240234375
1 0.5107421875 0.2705078125 0.0830078125 0.1640625
0 0.294921875 0.310546875 0.1181640625 0.0888671875
1 0.5859375 0.3720703125 0.1064453125 0.162109375
1 0.3203125 0.4267578125 0.1220703125 0.1962890625
1 0.443359375 0.4794921875 0.1025390625 0.244140625
1 0.81640625 0.4833984375 0.087890625 0.181640625
1 0.5 0.5126953125 0.0908203125 0.22265625
1 0.7373046875 0.5439453125 0.0966796875 0.240234375
1 0.3447265625 0.5810546875 0.1376953125 0.173828125
1 0.822265625 0.626953125 0.0986328125 0.1611328125
0 0.1689453125 0.6826171875 0.1015625 0.185546875
1 0.5478515625 0.7021484375 0.12890625 0.2021484375
1 0.7177734375 0.7822265625 0.111328125 0.2001953125
1 0.818359375 0.7900390625 0.1123046875 0.189453125
0 0.2685546875 0.8291015625 0.1513671875 0.16796875
0 0.42578125 0.8994140625 0.1015625 0.197265625
0 0.6044921875 0.90625 0.1357421875 0.1875
1 0.5126953125 0.90625 0.115234375 0.1875
0 0.7890625 0.923828125 0.1337890625 0.15234375