0 0.900390625 0.1474609375 0.18359375 0.294921875
0 0.5419921875 0.171875 0.220703125 0.34375
1 0.076171875 0.1787109375 0.15234375 0.2333984375
1 0.736328125 0.2490234375 0.150390625 0.283203125
1 0.4560546875 0.296875 0.1240234375 0.2783203125
0 0.8740234375 0.4697265625 0.1767578125 0.3046875
1 0.64453125 0.5009765625 0.1982421875 0.2890625
1 0.115234375 0.5390625 0.171875 0.279296875
0 0.8525390625 0.7705078125 0.158203125 0.22265625
1 0.5283203125 0.7861328125 0.14453125 0.36328125
1 0.6708984375 0.822265625 0.126953125 0.3046875
1 0.36328125 0.8349609375 0.2138671875 0.330078125