0 0.3974609375 0.1923828125 0.064453125 0.11328125
1 0.212890625 0.287109375 0.07421875 0.1181640625
1 0.29296875 0.3330078125 0.0576171875 0.115234375
1 0.388671875 0.3837890625 0.07421875 0.091796875
0 0.8896484375 0.5205078125 0.1298828125 0.2236328125
1 0.7880859375 0.537109375 0.095703125 0.1728515625
1 0.4853515625 0.5556640625 0.083984375 0.1103515625
1 0.865234375 0.583984375 0.123046875 0.19921875
1 0.619140625 0.5947265625 0.123046875 0.185546875
0 0.8017578125 0.69140625 0.134765625 0.1943359375
1 0.521484375 0.69921875 0.091796875 0.154296875
0 0.275390625 0.7724609375 0.0986328125 0.146484375
1 0.26953125 0.9130859375 0.146484375 0.1708984375