0 0.6708984375 0.1630859375 0.1005859375 0.1533203125
1 0.556640625 0.2763671875 0.1025390625 0.205078125
1 0.4326171875 0.30078125 0.126953125 0.2421875
1 0.6884765625 0.3212890625 0.1357421875 0.17578125
1 0.2734375 0.39453125 0.146484375 0.169921875
1 0.349609375 0.4775390625 0.1318359375 0.263671875
1 0.4453125 0.4912109375 0.1044921875 0.2470703125
0 0.544921875 0.4951171875 0.0966796875 0.224609375
0 0.2607421875 0.5263671875 0.1123046875 0.2041015625
1 0.1689453125 0.5419921875 0.0966796875 0.236328125
1 0.0673828125 0.5625 0.1044921875 0.2099609375
1 0.798828125 0.5986328125 0.12109375 0.236328125
1 0.69921875 0.6279296875 0.1064453125 0.2587890625
0 0.5986328125 0.6494140625 0.1220703125 0.2744140625
1 0.904296875 0.6962890625 0.1142578125 0.18359375
1 0.7041015625 0.8994140625 0.1181640625 0.201171875
1 0.9482421875 0.90234375 0.1025390625 0.1943359375
0 0.4384765625 0.9130859375 0.1240234375 0.173828125
1 0.4736328125 0.091796875 0.109375 0.1376953125