1 0.6142578125 0.1572265625 0.1103515625 0.169921875
1 0.310546875 0.162109375 0.146484375 0.2509765625
1 0.7900390625 0.1806640625 0.1337890625 0.1826171875
1 0.0654296875 0.3720703125 0.130859375 0.287109375
1 0.4140625 0.4814453125 0.126953125 0.287109375
1 0.2529296875 0.4892578125 0.1474609375 0.328125
1 0.921875 0.5654296875 0.0986328125 0.1806640625
0 0.6650390625 0.5947265625 0.154296875 0.28125
1 0.193359375 0.7587890625 0.1220703125 0.2353515625
1 0.318359375 0.8037109375 0.1337890625 0.2763671875
0 0.7236328125 0.8447265625 0.14453125 0.298828125
1 0.5751953125 0.8876953125 0.115234375 0.224609375