1 0.501953125 0.22265625 0.0830078125 0.1640625
0 0.2890625 0.2578125 0.1181640625 0.115234375
1 0.5791015625 0.3291015625 0.1064453125 0.162109375
1 0.3095703125 0.3701171875 0.1220703125 0.1845703125
1 0.7998046875 0.416015625 0.087890625 0.181640625
1 0.431640625 0.4189453125 0.1025390625 0.244140625
1 0.4873046875 0.455078125 0.0908203125 0.22265625
1 0.732421875 0.4833984375 0.0966796875 0.240234375
1 0.3369140625 0.5185546875 0.1376953125 0.173828125
1 0.8076171875 0.556640625 0.0986328125 0.1611328125
0 0.154296875 0.625 0.1015625 0.185546875
1 0.5419921875 0.6689453125 0.12890625 0.2021484375
1 0.7138671875 0.7099609375 0.111328125 0.2001953125
1 0.80859375 0.7314453125 0.1123046875 0.189453125
0 0.2548828125 0.759765625 0.1513671875 0.16796875
0 0.6015625 0.84765625 0.1357421875 0.1875
0 0.42578125 0.859375 0.1015625 0.2763671875
1 0.5068359375 0.8681640625 0.115234375 0.2626953125
0 0.77734375 0.8935546875 0.1337890625 0.212890625
1 0.2861328125 0.8974609375 0.1591796875 0.205078125