1 0.1787109375 0.15234375 0.1513671875 0.2900390625
1 0.3544921875 0.1513671875 0.205078125 0.302734375
1 0.91796875 0.193359375 0.1630859375 0.38671875
1 0.662109375 0.255859375 0.1962890625 0.474609375
1 0.0810546875 0.302734375 0.158203125 0.3544921875
1 0.4833984375 0.369140625 0.193359375 0.28515625
1 0.6787109375 0.59765625 0.1982421875 0.30078125
1 0.5146484375 0.6669921875 0.2216796875 0.3564453125
1 0.8330078125 0.794921875 0.1806640625 0.4091796875
1 0.9736328125 0.8046875 0.052734375 0.390625
1 0.5712890625 0.8310546875 0.19140625 0.337890625