1 0.2861328125 0.2080078125 0.16796875 0.2431640625
1 0.076171875 0.21875 0.1318359375 0.220703125
0 0.611328125 0.2724609375 0.1513671875 0.25
0 0.4423828125 0.2724609375 0.1513671875 0.1708984375
1 0.81640625 0.302734375 0.1318359375 0.1923828125
0 0.412109375 0.427734375 0.134765625 0.26171875
1 0.619140625 0.525390625 0.14453125 0.228515625
0 0.474609375 0.62109375 0.14453125 0.2568359375
0 0.587890625 0.7451171875 0.1396484375 0.248046875
0 0.095703125 0.765625 0.189453125 0.345703125
0 0.5771484375 0.9228515625 0.16796875 0.1513671875