1 0.5634765625 0.20703125 0.1044921875 0.16015625
1 0.2890625 0.2412109375 0.1064453125 0.2041015625
1 0.4072265625 0.2705078125 0.1103515625 0.248046875
1 0.7041015625 0.3505859375 0.09765625 0.2412109375
1 0.3115234375 0.3955078125 0.1416015625 0.18359375
1 0.7958984375 0.4404296875 0.095703125 0.1630859375
1 0.5185546875 0.5283203125 0.130859375 0.1884765625
1 0.69140625 0.5625 0.107421875 0.20703125
0 0.236328125 0.5986328125 0.123046875 0.1767578125
1 0.7861328125 0.603515625 0.099609375 0.1796875
0 0.400390625 0.7099609375 0.1171875 0.25
1 0.478515625 0.716796875 0.111328125 0.2763671875
1 0.259765625 0.7646484375 0.169921875 0.2021484375
0 0.76171875 0.7880859375 0.1357421875 0.26171875
1 0.302734375 0.9013671875 0.134765625 0.1904296875
1 0.6669921875 0.90625 0.1162109375 0.1875
1 0.478515625 0.0908203125 0.0869140625 0.1640625