1 0.12109375 0.09765625 0.197265625 0.1953125
0 0.7666015625 0.166015625 0.1787109375 0.3310546875
0 0.9365234375 0.2021484375 0.1259765625 0.3046875
1 0.58203125 0.2744140625 0.146484375 0.314453125
1 0.228515625 0.474609375 0.19921875 0.326171875
0 0.919921875 0.484375 0.1318359375 0.259765625
1 0.78515625 0.5009765625 0.1533203125 0.2744140625
0 0.3486328125 0.7080078125 0.1748046875 0.3115234375
0 0.89453125 0.75 0.1494140625 0.2119140625
1 0.6845703125 0.7685546875 0.1328125 0.349609375
1 0.7763671875 0.794921875 0.0927734375 0.3017578125
1 0.5439453125 0.822265625 0.208984375 0.35546875