1 0.19921875 0.1171875 0.1044921875 0.2041015625
1 0.5859375 0.134765625 0.1044921875 0.20703125
1 0.8974609375 0.2314453125 0.1162109375 0.1826171875
0 0.5947265625 0.3037109375 0.107421875 0.2041015625
1 0.8447265625 0.3173828125 0.111328125 0.2001953125
1 0.255859375 0.3466796875 0.119140625 0.240234375
1 0.1328125 0.3681640625 0.099609375 0.1962890625
1 0.5478515625 0.4365234375 0.11328125 0.197265625
1 0.36328125 0.5380859375 0.123046875 0.2021484375
1 0.7568359375 0.544921875 0.1220703125 0.1884765625
1 0.115234375 0.0625 0.115234375 0.12109375
1 0.77734375 0.7783203125 0.1142578125 0.244140625
1 0.560546875 0.80859375 0.1533203125 0.23828125
1 0.6708984375 0.869140625 0.146484375 0.2353515625
1 0.4365234375 0.9052734375 0.1171875 0.1884765625
1 0.27734375 0.0908203125 0.109375 0.181640625
1 0.3173828125 0.9111328125 0.1787109375 0.1767578125