0 0.6142578125 0.9326171875 0.115234375 0.134765625
1 0.3330078125 0.3193359375 0.1044921875 0.1083984375
1 0.5107421875 0.32421875 0.087890625 0.173828125
0 0.3193359375 0.3994140625 0.1142578125 0.138671875
1 0.59375 0.43359375 0.1015625 0.1494140625
1 0.310546875 0.4833984375 0.15625 0.19921875
1 0.4482421875 0.5244140625 0.1123046875 0.2626953125
1 0.51171875 0.580078125 0.0869140625 0.2138671875
1 0.7470703125 0.5966796875 0.1015625 0.255859375
1 0.345703125 0.6611328125 0.1455078125 0.1689453125
1 0.841796875 0.69140625 0.1064453125 0.1494140625
0 0.1689453125 0.75390625 0.091796875 0.1728515625
1 0.5576171875 0.7939453125 0.1416015625 0.203125
1 0.7314453125 0.84765625 0.107421875 0.1806640625
1 0.8271484375 0.857421875 0.111328125 0.1982421875
0 0.265625 0.87890625 0.12109375 0.1748046875