0 0.6611328125 0.095703125 0.134765625 0.19140625
1 0.2216796875 0.2373046875 0.123046875 0.2197265625
1 0.580078125 0.2412109375 0.10546875 0.1904296875
0 0.3203125 0.3740234375 0.09765625 0.2255859375
1 0.1533203125 0.3740234375 0.1201171875 0.21875
1 0.638671875 0.4228515625 0.11328125 0.2275390625
1 0.248046875 0.4697265625 0.1005859375 0.1953125
0 0.931640625 0.498046875 0.095703125 0.1806640625
0 0.634765625 0.5947265625 0.1103515625 0.208984375
1 0.884765625 0.5986328125 0.0986328125 0.2255859375
1 0.296875 0.6630859375 0.111328125 0.2109375
1 0.5830078125 0.7158203125 0.1162109375 0.2294921875
1 0.171875 0.7216796875 0.09765625 0.1923828125
1 0.16015625 0.0791015625 0.18359375 0.1572265625
1 0.4091796875 0.880859375 0.1240234375 0.236328125
1 0.673828125 0.9052734375 0.12890625 0.18359375