1 0.4052734375 0.927734375 0.142578125 0.14453125
0 0.7548828125 0.1162109375 0.177734375 0.232421875
1 0.498046875 0.1337890625 0.142578125 0.2255859375
1 0.375 0.291015625 0.12109375 0.24609375
0 0.1435546875 0.30859375 0.1494140625 0.2021484375
1 0.7587890625 0.375 0.140625 0.23828125
0 0.314453125 0.44921875 0.140625 0.3232421875
1 0.64453125 0.61328125 0.1142578125 0.2646484375
1 0.533203125 0.65234375 0.134765625 0.2841796875
0 0.3603515625 0.720703125 0.1611328125 0.205078125
1 0.4150390625 0.0732421875 0.140625 0.146484375