1 0.7734375 0.177734375 0.212890625 0.3544921875
0 0.3486328125 0.2685546875 0.2138671875 0.3837890625
0 0.5947265625 0.3232421875 0.189453125 0.3203125
0 0.935546875 0.3349609375 0.12890625 0.3017578125
1 0.0712890625 0.587890625 0.142578125 0.26171875
1 0.4931640625 0.591796875 0.234375 0.3125
1 0.7509765625 0.5927734375 0.2001953125 0.3671875
1 0.3916015625 0.8642578125 0.1474609375 0.271484375
1 0.2275390625 0.8740234375 0.169921875 0.251953125
1 0.5439453125 0.8857421875 0.1533203125 0.228515625
0 0.7451171875 0.8935546875 0.1708984375 0.2119140625