0 0.34765625 0.9326171875 0.1416015625 0.134765625
0 0.171875 0.1884765625 0.064453125 0.115234375
1 0.041015625 0.341796875 0.0625 0.115234375
1 0.14453125 0.390625 0.07421875 0.10546875
0 0.5986328125 0.46484375 0.125 0.1923828125
1 0.48828125 0.50390625 0.09375 0.1728515625
1 0.201171875 0.544921875 0.091796875 0.1201171875
1 0.533203125 0.544921875 0.1181640625 0.19921875
1 0.310546875 0.5771484375 0.13671875 0.197265625
0 0.447265625 0.669921875 0.1396484375 0.2138671875
1 0.60546875 0.9111328125 0.154296875 0.1728515625