1 0.8935546875 0.1259765625 0.1904296875 0.251953125
0 0.478515625 0.1689453125 0.2265625 0.3369140625
1 0.0908203125 0.19140625 0.1435546875 0.234375
0 0.7021484375 0.228515625 0.189453125 0.3203125
1 0.86328125 0.46484375 0.197265625 0.349609375
1 0.626953125 0.5146484375 0.2021484375 0.2763671875
1 0.1181640625 0.5419921875 0.1435546875 0.2626953125
0 0.8447265625 0.791015625 0.1650390625 0.2333984375
1 0.49609375 0.794921875 0.1474609375 0.3330078125
1 0.6591796875 0.8330078125 0.130859375 0.30859375
1 0.3232421875 0.84765625 0.177734375 0.294921875