0 0.8759765625 0.150390625 0.18359375 0.294921875
0 0.5087890625 0.171875 0.220703125 0.34375
1 0.0693359375 0.177734375 0.138671875 0.234375
1 0.7158203125 0.2529296875 0.1591796875 0.2958984375
1 0.431640625 0.3046875 0.1240234375 0.2783203125
0 0.859375 0.47265625 0.1767578125 0.3046875
1 0.623046875 0.5009765625 0.2080078125 0.2890625
1 0.107421875 0.5419921875 0.1611328125 0.279296875
0 0.8369140625 0.7763671875 0.158203125 0.22265625
1 0.5078125 0.7861328125 0.14453125 0.36328125
1 0.6513671875 0.82421875 0.1318359375 0.3046875
1 0.33984375 0.8349609375 0.2138671875 0.330078125