1 0.400390625 0.1064453125 0.123046875 0.2119140625
0 0.5009765625 0.1181640625 0.0927734375 0.1630859375
1 0.1767578125 0.171875 0.18359375 0.1962890625
0 0.6748046875 0.17578125 0.1279296875 0.244140625
1 0.591796875 0.3134765625 0.10546875 0.1904296875
1 0.2412109375 0.3466796875 0.123046875 0.2197265625
1 0.169921875 0.4814453125 0.1201171875 0.21875
0 0.33984375 0.498046875 0.09765625 0.2255859375
1 0.6474609375 0.4990234375 0.11328125 0.2275390625
1 0.2587890625 0.560546875 0.1005859375 0.1953125
0 0.9482421875 0.572265625 0.1025390625 0.16015625
0 0.638671875 0.650390625 0.1103515625 0.208984375
1 0.8974609375 0.703125 0.0986328125 0.2255859375
1 0.3095703125 0.755859375 0.111328125 0.2109375
1 0.193359375 0.8203125 0.1142578125 0.1923828125
1 0.607421875 0.857421875 0.1162109375 0.2294921875
1 0.83203125 0.912109375 0.09765625 0.1748046875
1 0.4228515625 0.923828125 0.1240234375 0.1513671875