1 0.75390625 0.1875 0.2109375 0.375
0 0.333984375 0.2919921875 0.2138671875 0.3837890625
0 0.92578125 0.33984375 0.1484375 0.3173828125
0 0.578125 0.3466796875 0.189453125 0.3203125
1 0.740234375 0.607421875 0.2001953125 0.3671875
1 0.060546875 0.62109375 0.12109375 0.234375
1 0.4775390625 0.62890625 0.2314453125 0.310546875
1 0.37890625 0.8642578125 0.1474609375 0.271484375
1 0.537109375 0.8896484375 0.1552734375 0.220703125
0 0.7451171875 0.8935546875 0.1708984375 0.2119140625
1 0.2158203125 0.8974609375 0.1728515625 0.205078125