1 0.46875 0.09375 0.109375 0.1376953125
0 0.662109375 0.1494140625 0.1005859375 0.1533203125
1 0.5576171875 0.23828125 0.1025390625 0.205078125
1 0.4296875 0.2744140625 0.126953125 0.2421875
1 0.685546875 0.29296875 0.1357421875 0.17578125
1 0.265625 0.3583984375 0.146484375 0.169921875
1 0.34765625 0.4521484375 0.1318359375 0.263671875
1 0.4453125 0.4912109375 0.1044921875 0.2470703125
0 0.544921875 0.4951171875 0.0966796875 0.224609375
0 0.25 0.5048828125 0.1123046875 0.2041015625
1 0.1669921875 0.517578125 0.0966796875 0.236328125
1 0.0673828125 0.548828125 0.1044921875 0.1845703125
1 0.7958984375 0.564453125 0.12109375 0.236328125
1 0.6943359375 0.58203125 0.1142578125 0.2587890625
0 0.5986328125 0.6494140625 0.1220703125 0.2744140625
1 0.9052734375 0.6796875 0.1142578125 0.18359375
1 0.9482421875 0.857421875 0.1025390625 0.185546875
0 0.4384765625 0.8740234375 0.1240234375 0.251953125
1 0.7001953125 0.8896484375 0.119140625 0.220703125