1 0.2568359375 0.2138671875 0.16796875 0.2431640625
1 0.06640625 0.21875 0.1318359375 0.220703125
0 0.4228515625 0.2705078125 0.1513671875 0.1708984375
0 0.5888671875 0.28125 0.1513671875 0.25
1 0.796875 0.296875 0.1318359375 0.1923828125
0 0.38671875 0.431640625 0.13671875 0.26171875
1 0.599609375 0.53125 0.14453125 0.228515625
0 0.4521484375 0.6259765625 0.14453125 0.2568359375
0 0.568359375 0.7509765625 0.1396484375 0.248046875
0 0.08203125 0.78515625 0.1630859375 0.345703125
0 0.5625 0.9228515625 0.16796875 0.1513671875