0 0.1669921875 0.9326171875 0.1416015625 0.134765625
1 0.5 0.109375 0.05078125 0.083984375
1 0.560546875 0.119140625 0.0576171875 0.083984375
1 0.537109375 0.1611328125 0.0673828125 0.0771484375
0 0.046875 0.189453125 0.064453125 0.115234375
0 0.453125 0.4326171875 0.125 0.1923828125
1 0.3447265625 0.490234375 0.09375 0.1728515625
1 0.384765625 0.53515625 0.1181640625 0.19921875
1 0.05859375 0.5634765625 0.091796875 0.1181640625
1 0.1572265625 0.6083984375 0.13671875 0.197265625
0 0.296875 0.681640625 0.1396484375 0.2138671875
1 0.4287109375 0.9169921875 0.1513671875 0.1611328125