1 0.1533203125 0.9267578125 0.146484375 0.146484375
1 0.2685546875 0.1455078125 0.1279296875 0.203125
1 0.4716796875 0.154296875 0.162109375 0.205078125
0 0.6162109375 0.2412109375 0.138671875 0.169921875
1 0.9462890625 0.302734375 0.107421875 0.1767578125
1 0.3271484375 0.3662109375 0.109375 0.1923828125
1 0.7783203125 0.513671875 0.1435546875 0.2236328125
1 0.05078125 0.53515625 0.1015625 0.296875
1 0.6376953125 0.5771484375 0.126953125 0.2080078125
0 0.267578125 0.6611328125 0.189453125 0.3232421875
1 0.744140625 0.7158203125 0.134765625 0.21875
1 0.9443359375 0.0771484375 0.1103515625 0.1533203125
0 0.3408203125 0.876953125 0.1591796875 0.2451171875