1 0.1396484375 0.119140625 0.1513671875 0.228515625
1 0.310546875 0.125 0.2138671875 0.2412109375
1 0.8994140625 0.1787109375 0.201171875 0.353515625
1 0.623046875 0.2373046875 0.1962890625 0.474609375
1 0.060546875 0.26171875 0.12109375 0.34765625
1 0.443359375 0.318359375 0.1875 0.28515625
1 0.6494140625 0.5595703125 0.1982421875 0.2890625
1 0.4814453125 0.634765625 0.2216796875 0.3564453125
1 0.802734375 0.77734375 0.1806640625 0.41015625
1 0.9560546875 0.7822265625 0.0869140625 0.3916015625
1 0.5439453125 0.8076171875 0.19140625 0.337890625