1 0.3173828125 0.197265625 0.16796875 0.2431640625
1 0.107421875 0.216796875 0.1318359375 0.220703125
0 0.4794921875 0.2705078125 0.1513671875 0.1708984375
0 0.630859375 0.2724609375 0.1494140625 0.25
1 0.8369140625 0.3056640625 0.1318359375 0.1923828125
0 0.4365234375 0.4228515625 0.134765625 0.26171875
1 0.642578125 0.529296875 0.14453125 0.228515625
0 0.4951171875 0.6162109375 0.14453125 0.2568359375
0 0.6083984375 0.744140625 0.1396484375 0.248046875
0 0.099609375 0.7666015625 0.197265625 0.3486328125
0 0.59765625 0.9228515625 0.16796875 0.1513671875