0 0.353515625 0.9326171875 0.1396484375 0.134765625
0 0.1787109375 0.1923828125 0.064453125 0.11328125
1 0.0458984375 0.3447265625 0.064453125 0.115234375
1 0.1513671875 0.390625 0.07421875 0.10546875
0 0.6005859375 0.4638671875 0.125 0.1923828125
1 0.494140625 0.50390625 0.09375 0.1728515625
1 0.208984375 0.544921875 0.091796875 0.1201171875
1 0.5419921875 0.5458984375 0.1181640625 0.19921875
1 0.314453125 0.5771484375 0.13671875 0.197265625
0 0.4638671875 0.673828125 0.1396484375 0.2138671875
1 0.60546875 0.9111328125 0.154296875 0.1728515625