1 0.0986328125 0.099609375 0.099609375 0.19921875
1 0.5224609375 0.1455078125 0.115234375 0.205078125
1 0.7509765625 0.2001953125 0.10546875 0.16796875
1 0.34375 0.2529296875 0.134765625 0.2255859375
1 0.6044921875 0.3095703125 0.107421875 0.1875
1 0.7763671875 0.4453125 0.1083984375 0.1953125
1 0.5341796875 0.4931640625 0.1298828125 0.2587890625
1 0.6591796875 0.5732421875 0.138671875 0.2421875
1 0.31640625 0.6396484375 0.1484375 0.2412109375
1 0.486328125 0.759765625 0.1318359375 0.2197265625
1 0.6787109375 0.8271484375 0.1162109375 0.23828125
1 0.9345703125 0.8427734375 0.1162109375 0.197265625
1 0.296875 0.8505859375 0.1533203125 0.2412109375
1 0.4091796875 0.896484375 0.1474609375 0.20703125