1 0.3935546875 0.927734375 0.142578125 0.14453125
1 0.4970703125 0.1630859375 0.1220703125 0.212890625
0 0.736328125 0.166015625 0.1787109375 0.2333984375
1 0.375 0.291015625 0.12109375 0.24609375
0 0.1611328125 0.314453125 0.1357421875 0.205078125
1 0.7392578125 0.4033203125 0.134765625 0.2236328125
0 0.3134765625 0.4462890625 0.1318359375 0.3212890625
1 0.6337890625 0.6357421875 0.10546875 0.244140625
1 0.5234375 0.6513671875 0.1279296875 0.2763671875
0 0.36328125 0.7119140625 0.1416015625 0.2021484375
1 0.4169921875 0.080078125 0.1337890625 0.1591796875