1 0.494140625 0.2119140625 0.0830078125 0.1640625
0 0.2890625 0.2578125 0.1181640625 0.115234375
1 0.5732421875 0.294921875 0.1064453125 0.162109375
1 0.3095703125 0.34765625 0.1220703125 0.1845703125
1 0.4296875 0.400390625 0.1025390625 0.244140625
1 0.7998046875 0.416015625 0.087890625 0.181640625
1 0.4873046875 0.4267578125 0.0908203125 0.22265625
1 0.7314453125 0.4697265625 0.0966796875 0.240234375
1 0.330078125 0.501953125 0.1376953125 0.173828125
1 0.8076171875 0.556640625 0.0986328125 0.1611328125
0 0.154296875 0.61328125 0.1005859375 0.185546875
1 0.537109375 0.6396484375 0.12890625 0.2021484375
1 0.7099609375 0.6923828125 0.111328125 0.2001953125
1 0.80078125 0.716796875 0.1025390625 0.189453125
0 0.2587890625 0.73828125 0.1513671875 0.16796875
0 0.5791015625 0.8134765625 0.1357421875 0.1875
0 0.419921875 0.8330078125 0.1015625 0.2763671875
1 0.5068359375 0.8544921875 0.115234375 0.2626953125
1 0.279296875 0.8828125 0.1591796875 0.216796875
0 0.77734375 0.8857421875 0.1337890625 0.228515625