0 0.7333984375 0.0927734375 0.0869140625 0.15234375
1 0.7978515625 0.107421875 0.09375 0.169921875
1 0.4677734375 0.146484375 0.0908203125 0.1796875
1 0.5078125 0.2373046875 0.0947265625 0.1650390625
0 0.6806640625 0.25 0.1396484375 0.15625
0 0.1015625 0.2734375 0.0869140625 0.1279296875
0 0.2900390625 0.3271484375 0.1083984375 0.1474609375
0 0.392578125 0.4130859375 0.095703125 0.2392578125
1 0.673828125 0.4140625 0.103515625 0.1640625
0 0.189453125 0.533203125 0.08984375 0.1435546875
1 0.6025390625 0.5634765625 0.0751953125 0.1982421875
1 0.5283203125 0.5703125 0.0869140625 0.1962890625
0 0.421875 0.599609375 0.099609375 0.158203125
1 0.1279296875 0.609375 0.107421875 0.1640625
1 0.4248046875 0.775390625 0.095703125 0.181640625
1 0.140625 0.8203125 0.095703125 0.1640625
1 0.2216796875 0.841796875 0.0888671875 0.19140625
0 0.30859375 0.8818359375 0.0888671875 0.1962890625
1 0.7412109375 0.8955078125 0.099609375 0.1474609375
0 0.501953125 0.9130859375 0.126953125 0.158203125