1 0.2939453125 0.94140625 0.1591796875 0.1162109375
0 0.7900390625 0.943359375 0.130859375 0.11328125
1 0.5146484375 0.3056640625 0.0830078125 0.1640625
0 0.30078125 0.3505859375 0.12890625 0.1416015625
1 0.595703125 0.40234375 0.1064453125 0.162109375
1 0.3212890625 0.44921875 0.1220703125 0.1962890625
1 0.4443359375 0.4990234375 0.1025390625 0.244140625
1 0.8212890625 0.5263671875 0.087890625 0.181640625
1 0.5 0.5400390625 0.0908203125 0.22265625
1 0.7451171875 0.5830078125 0.0966796875 0.240234375
1 0.345703125 0.60546875 0.1376953125 0.185546875
1 0.83203125 0.6591796875 0.0986328125 0.1611328125
0 0.166015625 0.7138671875 0.1015625 0.1669921875
1 0.5537109375 0.7353515625 0.12890625 0.2021484375
1 0.7236328125 0.81640625 0.1103515625 0.181640625
1 0.818359375 0.8212890625 0.1123046875 0.189453125
0 0.267578125 0.8515625 0.1513671875 0.1865234375
0 0.42578125 0.8994140625 0.1015625 0.197265625
0 0.607421875 0.90625 0.130859375 0.1875
1 0.513671875 0.9208984375 0.115234375 0.1572265625