0 0.7724609375 0.1884765625 0.197265625 0.341796875
0 0.955078125 0.22265625 0.08984375 0.3154296875
1 0.6181640625 0.2685546875 0.146484375 0.314453125
1 0.224609375 0.4521484375 0.19921875 0.326171875
1 0.7919921875 0.533203125 0.177734375 0.296875
0 0.94140625 0.533203125 0.107421875 0.2919921875
0 0.34375 0.6865234375 0.1572265625 0.3134765625
1 0.6689453125 0.8095703125 0.1328125 0.349609375
0 0.9091796875 0.8154296875 0.1376953125 0.205078125
1 0.517578125 0.8212890625 0.2177734375 0.3525390625
1 0.7734375 0.833984375 0.1025390625 0.3125
1 0.1552734375 0.087890625 0.17578125 0.1748046875