1 0.4169921875 0.0966796875 0.1298828125 0.1923828125
1 0.4931640625 0.1728515625 0.1220703125 0.212890625
0 0.7275390625 0.185546875 0.1767578125 0.2255859375
1 0.3720703125 0.3115234375 0.12109375 0.24609375
0 0.169921875 0.3251953125 0.134765625 0.1884765625
1 0.7275390625 0.4140625 0.1298828125 0.21484375
0 0.3212890625 0.4453125 0.12890625 0.318359375
1 0.6240234375 0.62890625 0.10546875 0.244140625
1 0.5166015625 0.646484375 0.1279296875 0.2763671875
0 0.36328125 0.7119140625 0.1416015625 0.2021484375
1 0.392578125 0.921875 0.138671875 0.15625