1 0.3740234375 0.140625 0.119140625 0.1875
1 0.56640625 0.1484375 0.1494140625 0.1923828125
1 0.0498046875 0.189453125 0.099609375 0.294921875
1 0.8525390625 0.5185546875 0.126953125 0.212890625
1 0.1240234375 0.5263671875 0.138671875 0.2998046875
1 0.7265625 0.55859375 0.119140625 0.2080078125
0 0.37890625 0.6259765625 0.185546875 0.310546875
1 0.8251953125 0.6923828125 0.126953125 0.201171875
1 0.044921875 0.857421875 0.08984375 0.2802734375
0 0.4521484375 0.8720703125 0.15234375 0.255859375
1 0.2705078125 0.91796875 0.150390625 0.1640625