0 0.36328125 0.19140625 0.0625 0.11328125
1 0.181640625 0.283203125 0.0771484375 0.1181640625
1 0.2587890625 0.333984375 0.0576171875 0.115234375
1 0.3544921875 0.3798828125 0.07421875 0.091796875
0 0.8505859375 0.48828125 0.125 0.1923828125
1 0.7509765625 0.533203125 0.095703125 0.1728515625
1 0.4443359375 0.5400390625 0.083984375 0.1103515625
1 0.8232421875 0.578125 0.123046875 0.19921875
1 0.5712890625 0.583984375 0.123046875 0.185546875
0 0.7666015625 0.6943359375 0.1318359375 0.197265625
1 0.48046875 0.7021484375 0.091796875 0.154296875
0 0.2548828125 0.7724609375 0.0986328125 0.146484375
1 0.236328125 0.9130859375 0.1494140625 0.1708984375
1 0.923828125 0.91796875 0.146484375 0.158203125