1 0.154296875 0.09765625 0.197265625 0.1953125
0 0.7978515625 0.173828125 0.1787109375 0.3310546875
0 0.94921875 0.1787109375 0.1015625 0.3046875
1 0.6064453125 0.2744140625 0.146484375 0.314453125
1 0.2421875 0.458984375 0.19921875 0.326171875
0 0.9404296875 0.4833984375 0.119140625 0.244140625
1 0.806640625 0.5029296875 0.1533203125 0.2744140625
0 0.3642578125 0.6953125 0.1748046875 0.3115234375
0 0.916015625 0.75 0.1494140625 0.2119140625
1 0.7001953125 0.7587890625 0.1328125 0.349609375
1 0.798828125 0.794921875 0.0927734375 0.3017578125
1 0.56640625 0.8203125 0.208984375 0.35546875