1 0.6904296875 0.1220703125 0.09765625 0.2412109375
1 0.2900390625 0.173828125 0.1416015625 0.158203125
1 0.7822265625 0.2451171875 0.0849609375 0.142578125
1 0.49609375 0.2919921875 0.130859375 0.1884765625
1 0.6669921875 0.3388671875 0.107421875 0.1923828125
1 0.21484375 0.3818359375 0.123046875 0.1630859375
1 0.7685546875 0.3828125 0.099609375 0.1611328125
1 0.462890625 0.4921875 0.111328125 0.2763671875
1 0.2763671875 0.052734375 0.1064453125 0.1044921875
1 0.240234375 0.52734375 0.169921875 0.1962890625
0 0.740234375 0.55859375 0.1435546875 0.2431640625
1 0.2958984375 0.7099609375 0.134765625 0.2197265625
1 0.220703125 0.822265625 0.1171875 0.2216796875
1 0.392578125 0.0859375 0.1103515625 0.171875
0 0.38671875 0.865234375 0.1044921875 0.2197265625
1 0.7119140625 0.90625 0.1162109375 0.1875