1 0.66796875 0.9267578125 0.146484375 0.142578125
1 0.31640625 0.9326171875 0.1796875 0.134765625
1 0.115234375 0.107421875 0.115234375 0.208984375
1 0.5419921875 0.126953125 0.103515625 0.171875
1 0.2841796875 0.1357421875 0.1083984375 0.208984375
1 0.208984375 0.1953125 0.1044921875 0.2041015625
1 0.5888671875 0.1982421875 0.1044921875 0.20703125
1 0.9033203125 0.267578125 0.1162109375 0.1826171875
0 0.5966796875 0.3525390625 0.107421875 0.2041015625
1 0.845703125 0.3544921875 0.111328125 0.2001953125
1 0.2509765625 0.369140625 0.119140625 0.240234375
1 0.134765625 0.4404296875 0.099609375 0.1962890625
1 0.5439453125 0.505859375 0.11328125 0.197265625
1 0.7568359375 0.544921875 0.1220703125 0.1884765625
1 0.365234375 0.580078125 0.123046875 0.2021484375
1 0.6328125 0.6708984375 0.13671875 0.189453125
1 0.79296875 0.86328125 0.1142578125 0.244140625
1 0.5576171875 0.8759765625 0.1533203125 0.23828125
1 0.4365234375 0.9052734375 0.1171875 0.1884765625