0 0.400390625 0.9326171875 0.1416015625 0.134765625
0 0.2080078125 0.189453125 0.064453125 0.115234375
1 0.0244140625 0.306640625 0.0478515625 0.1298828125
1 0.076171875 0.341796875 0.064453125 0.115234375
1 0.1787109375 0.3857421875 0.07421875 0.10546875
0 0.6357421875 0.4599609375 0.125 0.1923828125
1 0.5263671875 0.5048828125 0.095703125 0.1728515625
1 0.23828125 0.5419921875 0.083984375 0.1103515625
1 0.5771484375 0.544921875 0.1181640625 0.19921875
1 0.34765625 0.5771484375 0.123046875 0.185546875
0 0.501953125 0.6708984375 0.1318359375 0.1943359375
1 0.255859375 0.697265625 0.091796875 0.154296875
0 0.048828125 0.8076171875 0.09765625 0.146484375
1 0.650390625 0.9111328125 0.15625 0.1728515625