1 0.7587890625 0.1513671875 0.1025390625 0.162109375
1 0.4833984375 0.1767578125 0.1162109375 0.208984375
1 0.64453125 0.2392578125 0.1259765625 0.1904296875
1 0.744140625 0.2626953125 0.111328125 0.1884765625
0 0.197265625 0.2763671875 0.146484375 0.1650390625
0 0.533203125 0.328125 0.1181640625 0.1875
1 0.4501953125 0.3798828125 0.123046875 0.25390625
1 0.2216796875 0.427734375 0.18359375 0.201171875
0 0.71875 0.4453125 0.1279296875 0.2529296875
1 0.630859375 0.591796875 0.1298828125 0.205078125
1 0.2744140625 0.6015625 0.134765625 0.2197265625
1 0.2060546875 0.7138671875 0.115234375 0.2373046875
0 0.287109375 0.076171875 0.130859375 0.1513671875
0 0.3681640625 0.765625 0.1025390625 0.244140625
1 0.6708984375 0.078125 0.111328125 0.15625
1 0.2880859375 0.798828125 0.1005859375 0.19921875
1 0.6865234375 0.8046875 0.12890625 0.2275390625
1 0.9453125 0.91796875 0.1083984375 0.1640625