1 0.2822265625 0.1142578125 0.1064453125 0.1875
1 0.3984375 0.1328125 0.1103515625 0.248046875
1 0.697265625 0.220703125 0.09765625 0.2412109375
1 0.3076171875 0.2744140625 0.1416015625 0.18359375
1 0.7890625 0.3310546875 0.095703125 0.1630859375
1 0.505859375 0.380859375 0.130859375 0.1884765625
1 0.6826171875 0.455078125 0.107421875 0.20703125
1 0.77734375 0.4794921875 0.099609375 0.1611328125
0 0.2236328125 0.4853515625 0.123046875 0.1767578125
1 0.4775390625 0.5771484375 0.111328125 0.2763671875
1 0.2509765625 0.6220703125 0.169921875 0.1962890625
0 0.7509765625 0.6533203125 0.1435546875 0.2431640625
1 0.5595703125 0.080078125 0.1044921875 0.16015625
1 0.6669921875 0.806640625 0.1162109375 0.1875
1 0.302734375 0.8125 0.134765625 0.2197265625
1 0.220703125 0.8837890625 0.1171875 0.2216796875