0 0.23046875 0.189453125 0.064453125 0.115234375
1 0.0322265625 0.30078125 0.064453125 0.1201171875
1 0.1044921875 0.33984375 0.0576171875 0.115234375
1 0.205078125 0.384765625 0.07421875 0.10546875
0 0.673828125 0.46484375 0.125 0.1923828125
1 0.5712890625 0.5068359375 0.095703125 0.1728515625
1 0.6259765625 0.537109375 0.1181640625 0.19921875
1 0.2724609375 0.5419921875 0.083984375 0.1103515625
1 0.388671875 0.580078125 0.123046875 0.185546875
0 0.544921875 0.6669921875 0.134765625 0.1943359375
1 0.2958984375 0.697265625 0.0888671875 0.154296875
0 0.0556640625 0.80078125 0.0986328125 0.146484375
1 0.712890625 0.9111328125 0.15625 0.1728515625
1 0.041015625 0.9208984375 0.08203125 0.154296875