1 0.421875 0.2119140625 0.1435546875 0.2451171875
1 0.6865234375 0.2294921875 0.1103515625 0.169921875
1 0.83984375 0.2509765625 0.1142578125 0.1669921875
1 0.1826171875 0.4189453125 0.1318359375 0.279296875
1 0.5166015625 0.5048828125 0.1201171875 0.287109375
1 0.373046875 0.5146484375 0.1474609375 0.328125
1 0.9541015625 0.599609375 0.0888671875 0.18359375
0 0.748046875 0.62109375 0.14453125 0.25390625
1 0.322265625 0.7998046875 0.1220703125 0.2353515625
1 0.447265625 0.8115234375 0.1279296875 0.2705078125
0 0.8056640625 0.857421875 0.1279296875 0.271484375
1 0.68359375 0.892578125 0.10546875 0.208984375