1 0.7890625 0.1689453125 0.208984375 0.3369140625
0 0.3798828125 0.22265625 0.2060546875 0.3779296875
1 0.0546875 0.234375 0.1083984375 0.2138671875
0 0.609375 0.2900390625 0.189453125 0.3203125
1 0.767578125 0.544921875 0.197265625 0.349609375
1 0.515625 0.5537109375 0.2294921875 0.3125
1 0.0771484375 0.5625 0.1435546875 0.2626953125
1 0.4130859375 0.82421875 0.154296875 0.3505859375
1 0.5693359375 0.849609375 0.1494140625 0.294921875
1 0.244140625 0.8525390625 0.177734375 0.294921875
0 0.76171875 0.8642578125 0.1689453125 0.2412109375