1 0.091796875 0.150390625 0.17578125 0.228515625
0 0.9169921875 0.1591796875 0.158203125 0.3173828125
0 0.5830078125 0.1708984375 0.208984375 0.341796875
1 0.7685546875 0.2587890625 0.1455078125 0.2734375
1 0.482421875 0.2998046875 0.1240234375 0.2783203125
0 0.89453125 0.482421875 0.1669921875 0.294921875
1 0.6845703125 0.5087890625 0.1982421875 0.2890625
1 0.1279296875 0.5234375 0.1875 0.2841796875
0 0.2626953125 0.693359375 0.125 0.30078125
0 0.87109375 0.78125 0.158203125 0.22265625
1 0.552734375 0.7861328125 0.14453125 0.36328125
1 0.6884765625 0.82421875 0.126953125 0.3046875
1 0.3818359375 0.8349609375 0.2138671875 0.330078125