0 0.36328125 0.19140625 0.0625 0.11328125
1 0.1767578125 0.283203125 0.0771484375 0.1181640625
1 0.255859375 0.3388671875 0.060546875 0.115234375
1 0.3544921875 0.3798828125 0.07421875 0.091796875
0 0.84375 0.48828125 0.125 0.1923828125
1 0.744140625 0.533203125 0.095703125 0.1728515625
1 0.4443359375 0.5400390625 0.083984375 0.1103515625
1 0.818359375 0.568359375 0.123046875 0.19921875
1 0.5712890625 0.583984375 0.123046875 0.185546875
0 0.76171875 0.6943359375 0.1318359375 0.197265625
1 0.48046875 0.7021484375 0.091796875 0.154296875
0 0.2412109375 0.765625 0.0986328125 0.146484375
1 0.2236328125 0.9130859375 0.1494140625 0.1708984375
1 0.923828125 0.91796875 0.146484375 0.158203125