0 0.8671875 0.1474609375 0.18359375 0.294921875
0 0.49609375 0.171875 0.22265625 0.34375
1 0.0693359375 0.177734375 0.138671875 0.234375
1 0.701171875 0.248046875 0.1591796875 0.2958984375
1 0.4208984375 0.3046875 0.1240234375 0.2783203125
0 0.8505859375 0.4697265625 0.1767578125 0.3046875
1 0.61328125 0.5009765625 0.2080078125 0.2890625
1 0.107421875 0.5419921875 0.1611328125 0.279296875
0 0.833984375 0.7734375 0.158203125 0.22265625
1 0.49609375 0.7861328125 0.14453125 0.36328125
1 0.6474609375 0.822265625 0.1318359375 0.3046875
1 0.3291015625 0.8349609375 0.2138671875 0.330078125