0 0.6611328125 0.111328125 0.134765625 0.22265625
1 0.580078125 0.2412109375 0.10546875 0.1904296875
1 0.2294921875 0.25390625 0.123046875 0.2197265625
0 0.32421875 0.4072265625 0.09765625 0.2255859375
1 0.15234375 0.4072265625 0.1201171875 0.21875
1 0.638671875 0.4228515625 0.11328125 0.2275390625
1 0.248046875 0.4697265625 0.1005859375 0.1953125
0 0.9384765625 0.517578125 0.095703125 0.1806640625
1 0.1806640625 0.6064453125 0.09765625 0.1748046875
0 0.6337890625 0.615234375 0.1103515625 0.208984375
1 0.8876953125 0.6337890625 0.0986328125 0.2255859375
1 0.296875 0.6630859375 0.111328125 0.2109375
1 0.5830078125 0.7158203125 0.1162109375 0.2294921875
1 0.1826171875 0.73828125 0.09765625 0.1923828125
1 0.16015625 0.0859375 0.18359375 0.1708984375
1 0.4091796875 0.880859375 0.1240234375 0.236328125
1 0.673828125 0.9248046875 0.12890625 0.14453125