0 0.4345703125 0.9345703125 0.150390625 0.130859375
0 0.220703125 0.1884765625 0.064453125 0.115234375
1 0.029296875 0.302734375 0.0576171875 0.1201171875
1 0.09375 0.34375 0.060546875 0.115234375
1 0.19921875 0.38671875 0.07421875 0.10546875
0 0.6650390625 0.46484375 0.125 0.1923828125
1 0.5537109375 0.5068359375 0.095703125 0.1728515625
1 0.60546875 0.5400390625 0.1181640625 0.19921875
1 0.2607421875 0.541015625 0.083984375 0.1103515625
1 0.37109375 0.587890625 0.123046875 0.185546875
0 0.5302734375 0.6650390625 0.134765625 0.1943359375
1 0.283203125 0.6943359375 0.091796875 0.154296875
0 0.048828125 0.8056640625 0.09765625 0.146484375
1 0.6826171875 0.9111328125 0.154296875 0.1728515625
1 0.033203125 0.9208984375 0.06640625 0.154296875