1 0.2216796875 0.16796875 0.123046875 0.2197265625
1 0.5712890625 0.1865234375 0.10546875 0.1904296875
1 0.1484375 0.318359375 0.1201171875 0.21875
0 0.310546875 0.3212890625 0.09765625 0.2255859375
1 0.62890625 0.373046875 0.11328125 0.2275390625
1 0.23828125 0.3818359375 0.1005859375 0.1953125
0 0.9287109375 0.4501953125 0.095703125 0.1806640625
0 0.6259765625 0.5322265625 0.1103515625 0.208984375
1 0.16015625 0.0537109375 0.18359375 0.107421875
1 0.8759765625 0.546875 0.0986328125 0.2255859375
1 0.2958984375 0.5849609375 0.111328125 0.2109375
1 0.1650390625 0.662109375 0.09765625 0.1923828125
1 0.5830078125 0.7158203125 0.1162109375 0.2294921875
0 0.6611328125 0.0771484375 0.134765625 0.154296875
1 0.404296875 0.8232421875 0.1240234375 0.236328125
1 0.662109375 0.876953125 0.12890625 0.18359375