1 0.3837890625 0.140625 0.119140625 0.1875
1 0.578125 0.142578125 0.1494140625 0.1923828125
1 0.0576171875 0.1875 0.1142578125 0.2890625
1 0.8583984375 0.505859375 0.126953125 0.212890625
1 0.1318359375 0.521484375 0.138671875 0.2998046875
1 0.7353515625 0.5556640625 0.119140625 0.2080078125
0 0.390625 0.625 0.185546875 0.310546875
1 0.8310546875 0.6923828125 0.126953125 0.201171875
1 0.0517578125 0.8583984375 0.103515625 0.283203125
0 0.4697265625 0.8720703125 0.15234375 0.255859375
1 0.2822265625 0.91015625 0.150390625 0.1796875