1 0.681640625 0.109375 0.111328125 0.1728515625
0 0.2958984375 0.1376953125 0.130859375 0.1640625
1 0.7705078125 0.1943359375 0.1025390625 0.162109375
1 0.5 0.236328125 0.1162109375 0.208984375
1 0.65625 0.294921875 0.1259765625 0.1904296875
1 0.7578125 0.322265625 0.111328125 0.1884765625
0 0.2158203125 0.337890625 0.146484375 0.1650390625
0 0.552734375 0.4228515625 0.1181640625 0.1875
1 0.453125 0.435546875 0.123046875 0.25390625
1 0.2353515625 0.47265625 0.18359375 0.201171875
0 0.7275390625 0.5048828125 0.1279296875 0.2529296875
1 0.2861328125 0.6728515625 0.134765625 0.2197265625
1 0.6474609375 0.6748046875 0.1298828125 0.1884765625
1 0.384765625 0.076171875 0.1083984375 0.1513671875
1 0.2158203125 0.7880859375 0.115234375 0.2373046875
0 0.3779296875 0.8134765625 0.1025390625 0.244140625
1 0.29296875 0.8583984375 0.1005859375 0.19921875
1 0.7021484375 0.8623046875 0.1171875 0.2275390625