1 0.1474609375 0.9296875 0.0927734375 0.1396484375
1 0.4287109375 0.13671875 0.1025390625 0.1923828125
1 0.4873046875 0.2314453125 0.1044921875 0.185546875
0 0.67578125 0.244140625 0.1416015625 0.189453125
1 0.3896484375 0.34765625 0.0888671875 0.2001953125
0 0.228515625 0.34765625 0.11328125 0.15234375
1 0.6767578125 0.4267578125 0.10546875 0.197265625
0 0.3505859375 0.4462890625 0.1015625 0.2490234375
0 0.1064453125 0.5869140625 0.103515625 0.158203125
1 0.5966796875 0.6044921875 0.099609375 0.2265625
1 0.5009765625 0.626953125 0.1083984375 0.2421875
0 0.3798828125 0.6630859375 0.115234375 0.181640625
1 0.05078125 0.6875 0.0986328125 0.205078125
1 0.8154296875 0.0849609375 0.103515625 0.1591796875
1 0.392578125 0.8779296875 0.134765625 0.203125
1 0.048828125 0.9228515625 0.0966796875 0.1533203125