1 0.560546875 0.1484375 0.119140625 0.1875
1 0.2333984375 0.1533203125 0.1494140625 0.2626953125
1 0.7353515625 0.1552734375 0.138671875 0.1875
1 0.3369140625 0.4853515625 0.130859375 0.2900390625
1 0.1748046875 0.5048828125 0.1474609375 0.328125
1 0.88671875 0.5517578125 0.1015625 0.1875
0 0.595703125 0.59765625 0.162109375 0.28125
1 0.1142578125 0.7880859375 0.1259765625 0.26953125
1 0.2421875 0.8212890625 0.1435546875 0.2861328125
0 0.6611328125 0.8505859375 0.14453125 0.298828125
1 0.494140625 0.8876953125 0.1376953125 0.2197265625