1 0.50390625 0.1474609375 0.1591796875 0.20703125
1 0.2939453125 0.1484375 0.1279296875 0.203125
0 0.630859375 0.23046875 0.1328125 0.193359375
1 0.3564453125 0.3486328125 0.1015625 0.1982421875
1 0.7978515625 0.5234375 0.1435546875 0.2236328125
1 0.0615234375 0.5361328125 0.1220703125 0.296875
1 0.6591796875 0.5771484375 0.126953125 0.2080078125
0 0.2890625 0.6640625 0.19921875 0.328125
1 0.7587890625 0.71875 0.134765625 0.21875
0 0.36328125 0.876953125 0.1591796875 0.2451171875
1 0.1748046875 0.91796875 0.150390625 0.1640625