0 0.904296875 0.1474609375 0.1708984375 0.294921875
1 0.0859375 0.1689453125 0.15234375 0.2333984375
0 0.5634765625 0.1708984375 0.208984375 0.341796875
1 0.7490234375 0.2509765625 0.150390625 0.283203125
1 0.46875 0.2998046875 0.1240234375 0.2783203125
0 0.8828125 0.474609375 0.1767578125 0.3046875
1 0.666015625 0.505859375 0.1982421875 0.2890625
1 0.126953125 0.5341796875 0.171875 0.279296875
0 0.861328125 0.7763671875 0.158203125 0.22265625
1 0.541015625 0.7861328125 0.14453125 0.36328125
1 0.6826171875 0.822265625 0.126953125 0.3046875
1 0.36328125 0.8349609375 0.2138671875 0.330078125