1 0.4912109375 0.1455078125 0.119140625 0.1875
1 0.6826171875 0.1552734375 0.1494140625 0.1923828125
1 0.1435546875 0.1884765625 0.1494140625 0.2626953125
1 0.943359375 0.505859375 0.111328125 0.212890625
1 0.25390625 0.509765625 0.134765625 0.302734375
1 0.0830078125 0.5419921875 0.158203125 0.326171875
1 0.830078125 0.560546875 0.107421875 0.216796875
0 0.5205078125 0.6240234375 0.1728515625 0.294921875
1 0.9267578125 0.69921875 0.126953125 0.201171875
1 0.0517578125 0.837890625 0.103515625 0.2900390625
1 0.1611328125 0.8447265625 0.140625 0.291015625
0 0.5810546875 0.857421875 0.14453125 0.2841796875
1 0.4130859375 0.91015625 0.134765625 0.1796875