0 0.220703125 0.1884765625 0.064453125 0.115234375
1 0.0322265625 0.30078125 0.064453125 0.1201171875
1 0.09375 0.3388671875 0.060546875 0.115234375
1 0.19921875 0.3974609375 0.07421875 0.10546875
0 0.666015625 0.46484375 0.125 0.1923828125
1 0.55859375 0.5068359375 0.095703125 0.1728515625
1 0.2646484375 0.5419921875 0.083984375 0.1103515625
1 0.615234375 0.5419921875 0.1181640625 0.19921875
1 0.380859375 0.5830078125 0.123046875 0.185546875
0 0.5400390625 0.666015625 0.134765625 0.1943359375
1 0.2900390625 0.697265625 0.0888671875 0.154296875
0 0.048828125 0.8056640625 0.09765625 0.146484375
1 0.69921875 0.9111328125 0.154296875 0.1728515625
1 0.041015625 0.9208984375 0.08203125 0.154296875