0 0.1826171875 0.9326171875 0.1416015625 0.134765625
1 0.5107421875 0.109375 0.05078125 0.083984375
1 0.5693359375 0.12109375 0.0556640625 0.083984375
1 0.5458984375 0.1611328125 0.0673828125 0.0771484375
0 0.0625 0.1865234375 0.064453125 0.11328125
1 0.037109375 0.3974609375 0.07421875 0.10546875
0 0.46875 0.4365234375 0.125 0.1923828125
1 0.3603515625 0.4912109375 0.095703125 0.1728515625
1 0.400390625 0.529296875 0.1181640625 0.19921875
1 0.0771484375 0.556640625 0.091796875 0.1201171875
1 0.1728515625 0.6044921875 0.13671875 0.197265625
0 0.310546875 0.6787109375 0.1396484375 0.2138671875
1 0.4482421875 0.9169921875 0.1513671875 0.1611328125