0 0.255859375 0.189453125 0.0625 0.115234375
1 0.0517578125 0.294921875 0.07421875 0.1181640625
1 0.138671875 0.3447265625 0.060546875 0.115234375
1 0.2392578125 0.380859375 0.07421875 0.10546875
0 0.7177734375 0.470703125 0.125 0.1923828125
1 0.619140625 0.51171875 0.095703125 0.1728515625
1 0.3125 0.544921875 0.083984375 0.1103515625
1 0.6787109375 0.5517578125 0.123046875 0.19921875
1 0.44140625 0.5693359375 0.123046875 0.185546875
0 0.611328125 0.666015625 0.134765625 0.1943359375
1 0.359375 0.697265625 0.091796875 0.154296875
0 0.111328125 0.783203125 0.0986328125 0.146484375
1 0.0732421875 0.9130859375 0.146484375 0.1708984375
1 0.7705078125 0.912109375 0.15625 0.1708984375