1 0.431640625 0.2119140625 0.1435546875 0.2451171875
1 0.6982421875 0.2353515625 0.103515625 0.15625
1 0.8447265625 0.255859375 0.11328125 0.15625
1 0.1962890625 0.4189453125 0.1318359375 0.279296875
1 0.521484375 0.4990234375 0.115234375 0.287109375
1 0.3759765625 0.5146484375 0.1474609375 0.328125
1 0.9580078125 0.599609375 0.08203125 0.18359375
0 0.7548828125 0.619140625 0.14453125 0.25390625
1 0.328125 0.802734375 0.1220703125 0.2353515625
1 0.4541015625 0.8115234375 0.1279296875 0.2705078125
0 0.8115234375 0.8544921875 0.1279296875 0.271484375
1 0.6865234375 0.892578125 0.10546875 0.208984375