1 0.6201171875 0.0986328125 0.1103515625 0.17578125
0 0.1826171875 0.126953125 0.146484375 0.1748046875
1 0.7197265625 0.1357421875 0.1240234375 0.1513671875
0 0.501953125 0.2197265625 0.1181640625 0.1630859375
1 0.4150390625 0.2333984375 0.123046875 0.25390625
1 0.197265625 0.2646484375 0.18359375 0.1962890625
0 0.693359375 0.28515625 0.1279296875 0.2529296875
1 0.5927734375 0.3955078125 0.1123046875 0.1904296875
1 0.255859375 0.453125 0.123046875 0.2197265625
1 0.1787109375 0.587890625 0.1201171875 0.21875
0 0.34765625 0.61328125 0.09765625 0.2255859375
1 0.65234375 0.640625 0.11328125 0.2275390625
1 0.4541015625 0.0654296875 0.115234375 0.130859375
1 0.2685546875 0.6611328125 0.1005859375 0.1953125
1 0.91015625 0.810546875 0.0986328125 0.2255859375
1 0.3232421875 0.8525390625 0.111328125 0.2109375
1 0.19921875 0.9033203125 0.1142578125 0.1923828125