1 0.6962890625 0.1650390625 0.09765625 0.2412109375
1 0.2900390625 0.1865234375 0.1416015625 0.18359375
1 0.77734375 0.2578125 0.095703125 0.1630859375
1 0.49609375 0.2998046875 0.130859375 0.1884765625
1 0.6669921875 0.3388671875 0.107421875 0.1923828125
1 0.76953125 0.4052734375 0.099609375 0.1611328125
0 0.2255859375 0.40625 0.123046875 0.1630859375
1 0.462890625 0.4921875 0.111328125 0.2763671875
1 0.24609375 0.5458984375 0.169921875 0.1962890625
0 0.7412109375 0.5732421875 0.1435546875 0.2431640625
1 0.275390625 0.06640625 0.10546875 0.1328125
1 0.298828125 0.734375 0.134765625 0.2197265625
1 0.220703125 0.84765625 0.1171875 0.2216796875
1 0.392578125 0.0859375 0.1103515625 0.171875
0 0.388671875 0.8876953125 0.1044921875 0.2197265625
1 0.7119140625 0.90625 0.1162109375 0.1875