1 0.6865234375 0.1328125 0.111328125 0.1953125
0 0.2958984375 0.1376953125 0.130859375 0.1640625
1 0.7724609375 0.21875 0.1025390625 0.162109375
1 0.5 0.2529296875 0.1162109375 0.208984375
1 0.658203125 0.3115234375 0.1259765625 0.1904296875
1 0.7568359375 0.353515625 0.111328125 0.1884765625
0 0.2236328125 0.357421875 0.146484375 0.1650390625
0 0.552734375 0.4228515625 0.1181640625 0.1875
1 0.4619140625 0.447265625 0.123046875 0.25390625
1 0.2421875 0.478515625 0.18359375 0.201171875
0 0.7333984375 0.5234375 0.1279296875 0.2529296875
1 0.2900390625 0.677734375 0.134765625 0.2197265625
1 0.6474609375 0.6884765625 0.1298828125 0.1884765625
1 0.384765625 0.076171875 0.1083984375 0.1513671875
1 0.2158203125 0.791015625 0.115234375 0.2373046875
0 0.3828125 0.8359375 0.1025390625 0.244140625
1 0.2958984375 0.865234375 0.107421875 0.19921875
1 0.705078125 0.8857421875 0.1171875 0.2275390625