1 0.3837890625 0.181640625 0.16015625 0.20703125
1 0.1767578125 0.189453125 0.1279296875 0.203125
0 0.53515625 0.2587890625 0.1328125 0.1904296875
1 0.908203125 0.298828125 0.1728515625 0.1845703125
1 0.23828125 0.38671875 0.109375 0.1923828125
1 0.701171875 0.5205078125 0.1435546875 0.2236328125
1 0.5625 0.591796875 0.126953125 0.2080078125
0 0.169921875 0.70703125 0.1923828125 0.3330078125
1 0.666015625 0.7216796875 0.134765625 0.21875
1 0.87109375 0.07421875 0.14453125 0.1484375
0 0.2548828125 0.9013671875 0.162109375 0.1962890625