0 0.4716796875 0.9423828125 0.1181640625 0.115234375
1 0.8056640625 0.1005859375 0.1064453125 0.169921875
1 0.4365234375 0.154296875 0.0947265625 0.185546875
1 0.4970703125 0.244140625 0.0947265625 0.1650390625
0 0.673828125 0.255859375 0.142578125 0.171875
0 0.048828125 0.2822265625 0.0966796875 0.140625
0 0.25 0.337890625 0.11328125 0.15234375
1 0.400390625 0.34375 0.0830078125 0.1923828125
1 0.6689453125 0.4296875 0.103515625 0.1640625
0 0.3603515625 0.4443359375 0.1015625 0.2490234375
0 0.1328125 0.5712890625 0.103515625 0.158203125
1 0.5908203125 0.6025390625 0.091796875 0.21875
1 0.5087890625 0.607421875 0.0966796875 0.21484375
0 0.3837890625 0.6513671875 0.1123046875 0.1630859375
1 0.0751953125 0.662109375 0.1103515625 0.197265625
0 0.728515625 0.0791015625 0.0908203125 0.1552734375
1 0.400390625 0.8330078125 0.1162109375 0.2001953125
1 0.078125 0.90234375 0.11328125 0.1591796875
1 0.1767578125 0.912109375 0.0927734375 0.17578125
0 0.265625 0.9169921875 0.095703125 0.166015625