1 0.8447265625 0.150390625 0.2138671875 0.30078125
0 0.4287109375 0.1943359375 0.2265625 0.357421875
1 0.0859375 0.1962890625 0.1435546875 0.234375
0 0.66015625 0.26171875 0.189453125 0.3203125
1 0.8173828125 0.4990234375 0.197265625 0.349609375
1 0.5615234375 0.5302734375 0.2294921875 0.3125
1 0.1015625 0.546875 0.1435546875 0.2626953125
1 0.4501953125 0.8095703125 0.154296875 0.3505859375
0 0.810546875 0.828125 0.1689453125 0.2412109375
1 0.609375 0.837890625 0.14453125 0.32421875
1 0.287109375 0.8525390625 0.177734375 0.294921875