0 0.662109375 0.12109375 0.1005859375 0.16015625
1 0.556640625 0.201171875 0.1025390625 0.205078125
1 0.4287109375 0.2216796875 0.126953125 0.2265625
1 0.6796875 0.25 0.1357421875 0.17578125
1 0.3515625 0.3818359375 0.1318359375 0.263671875
1 0.447265625 0.4326171875 0.1044921875 0.2333984375
0 0.54296875 0.43359375 0.0966796875 0.224609375
0 0.248046875 0.4404296875 0.1123046875 0.2041015625
1 0.1650390625 0.4599609375 0.0966796875 0.2109375
1 0.064453125 0.4892578125 0.1044921875 0.2080078125
1 0.7890625 0.5009765625 0.109375 0.236328125
1 0.697265625 0.5048828125 0.1142578125 0.2314453125
0 0.5927734375 0.5576171875 0.1220703125 0.2509765625
1 0.908203125 0.62109375 0.1142578125 0.1591796875
1 0.9482421875 0.80078125 0.1025390625 0.185546875
1 0.708984375 0.8251953125 0.1181640625 0.197265625
0 0.4384765625 0.8662109375 0.1240234375 0.2666015625