1 0.3916015625 0.134765625 0.119140625 0.1875
1 0.587890625 0.1484375 0.1494140625 0.1923828125
1 0.060546875 0.1787109375 0.12109375 0.275390625
1 0.865234375 0.5029296875 0.126953125 0.212890625
1 0.1474609375 0.521484375 0.138671875 0.2998046875
1 0.744140625 0.5556640625 0.119140625 0.2080078125
0 0.40234375 0.6259765625 0.185546875 0.310546875
1 0.8447265625 0.689453125 0.126953125 0.201171875
1 0.0595703125 0.85546875 0.119140625 0.27734375
0 0.4794921875 0.8720703125 0.15234375 0.255859375
1 0.294921875 0.91015625 0.1484375 0.1796875