1 0.2099609375 0.130859375 0.123046875 0.2197265625
1 0.5673828125 0.169921875 0.10546875 0.1904296875
1 0.1474609375 0.3037109375 0.1201171875 0.21875
0 0.310546875 0.3212890625 0.09765625 0.2255859375
1 0.62890625 0.3486328125 0.11328125 0.2275390625
1 0.23828125 0.3818359375 0.1005859375 0.1953125
0 0.6259765625 0.505859375 0.1103515625 0.208984375
1 0.8740234375 0.5244140625 0.0986328125 0.2255859375
1 0.2958984375 0.5712890625 0.111328125 0.2109375
1 0.1640625 0.625 0.09765625 0.1923828125
1 0.5771484375 0.654296875 0.1162109375 0.2294921875
1 0.404296875 0.791015625 0.1240234375 0.236328125
1 0.6630859375 0.841796875 0.12890625 0.18359375