1 0.2763671875 0.09375 0.1064453125 0.1875
1 0.3984375 0.125 0.1103515625 0.248046875
1 0.697265625 0.220703125 0.09765625 0.2412109375
1 0.3037109375 0.24609375 0.1416015625 0.18359375
1 0.783203125 0.3115234375 0.095703125 0.1630859375
1 0.505859375 0.380859375 0.130859375 0.1884765625
1 0.671875 0.40625 0.107421875 0.20703125
1 0.7763671875 0.462890625 0.099609375 0.1611328125
0 0.2236328125 0.474609375 0.123046875 0.1767578125
1 0.4658203125 0.5498046875 0.111328125 0.2763671875
1 0.248046875 0.6142578125 0.169921875 0.1962890625
0 0.748046875 0.6328125 0.1435546875 0.2431640625
1 0.3017578125 0.7880859375 0.134765625 0.2197265625
1 0.666015625 0.7890625 0.1162109375 0.1875
1 0.5595703125 0.080078125 0.1044921875 0.16015625
1 0.220703125 0.8837890625 0.1171875 0.2216796875