1 0.1279296875 0.1064453125 0.1728515625 0.212890625
0 0.6884765625 0.1767578125 0.2216796875 0.3525390625
0 0.9443359375 0.203125 0.1103515625 0.3173828125
1 0.8349609375 0.291015625 0.1201171875 0.255859375
1 0.546875 0.2978515625 0.1240234375 0.2783203125
1 0.189453125 0.486328125 0.2041015625 0.3125
0 0.9287109375 0.505859375 0.1337890625 0.2783203125
1 0.7451171875 0.521484375 0.1982421875 0.2890625
0 0.306640625 0.7080078125 0.1396484375 0.3212890625
1 0.619140625 0.7978515625 0.14453125 0.36328125
0 0.904296875 0.80078125 0.158203125 0.2197265625
1 0.7431640625 0.8310546875 0.1259765625 0.3017578125
1 0.44921875 0.8369140625 0.2265625 0.326171875