0 0.3798828125 0.9326171875 0.1416015625 0.134765625
0 0.1982421875 0.1865234375 0.064453125 0.11328125
1 0.0693359375 0.33984375 0.064453125 0.115234375
1 0.169921875 0.3857421875 0.07421875 0.10546875
0 0.6259765625 0.458984375 0.125 0.1923828125
1 0.51953125 0.5068359375 0.095703125 0.1728515625
1 0.232421875 0.541015625 0.091796875 0.1181640625
1 0.5673828125 0.546875 0.1181640625 0.19921875
1 0.3388671875 0.576171875 0.13671875 0.197265625
0 0.48828125 0.66796875 0.1396484375 0.2138671875
1 0.6396484375 0.9111328125 0.154296875 0.1728515625