0 0.1142578125 0.9326171875 0.1416015625 0.134765625
1 0.4775390625 0.1083984375 0.05078125 0.08203125
1 0.53515625 0.1181640625 0.0556640625 0.083984375
1 0.5146484375 0.162109375 0.0673828125 0.0791015625
0 0.02734375 0.1884765625 0.0546875 0.115234375
0 0.423828125 0.4365234375 0.125 0.1923828125
1 0.3115234375 0.4990234375 0.09375 0.1708984375
1 0.34375 0.544921875 0.1181640625 0.19921875
1 0.0419921875 0.5693359375 0.083984375 0.125
1 0.123046875 0.6142578125 0.13671875 0.197265625
0 0.259765625 0.6865234375 0.1396484375 0.2138671875
1 0.3955078125 0.9169921875 0.1513671875 0.1611328125