1 0.4189453125 0.1240234375 0.1142578125 0.2158203125
1 0.4814453125 0.2138671875 0.107421875 0.2158203125
0 0.677734375 0.224609375 0.1396484375 0.203125
1 0.3740234375 0.330078125 0.0986328125 0.21875
0 0.212890625 0.3408203125 0.12109375 0.166015625
1 0.6865234375 0.423828125 0.10546875 0.197265625
0 0.33203125 0.4306640625 0.1142578125 0.294921875
1 0.5966796875 0.6044921875 0.099609375 0.2265625
0 0.0849609375 0.609375 0.1044921875 0.189453125
1 0.5009765625 0.626953125 0.1083984375 0.2421875
0 0.3671875 0.669921875 0.130859375 0.1962890625
1 0.82421875 0.068359375 0.111328125 0.1357421875
1 0.041015625 0.7138671875 0.0810546875 0.20703125
1 0.392578125 0.8779296875 0.134765625 0.203125