0 0.892578125 0.1474609375 0.18359375 0.294921875
0 0.4912109375 0.171875 0.220703125 0.34375
1 0.0693359375 0.1953125 0.138671875 0.234375
1 0.7099609375 0.234375 0.1591796875 0.2958984375
1 0.419921875 0.3046875 0.1240234375 0.2783203125
0 0.8505859375 0.4697265625 0.1767578125 0.3046875
1 0.61328125 0.505859375 0.2080078125 0.2890625
1 0.107421875 0.546875 0.1611328125 0.279296875
0 0.83984375 0.7841796875 0.158203125 0.22265625
1 0.4990234375 0.8056640625 0.14453125 0.36328125
1 0.6474609375 0.8212890625 0.1396484375 0.3017578125
1 0.3310546875 0.833984375 0.1904296875 0.3271484375