0 0.28515625 0.9326171875 0.1416015625 0.134765625
0 0.1474609375 0.189453125 0.064453125 0.115234375
1 0.02734375 0.3525390625 0.052734375 0.115234375
1 0.1181640625 0.3916015625 0.07421875 0.10546875
0 0.55859375 0.4599609375 0.125 0.1923828125
1 0.451171875 0.5087890625 0.095703125 0.1728515625
1 0.4931640625 0.5400390625 0.1181640625 0.19921875
1 0.16796875 0.552734375 0.091796875 0.1181640625
1 0.2705078125 0.5888671875 0.13671875 0.197265625
0 0.4111328125 0.685546875 0.1396484375 0.2138671875
1 0.5517578125 0.9169921875 0.1513671875 0.1611328125