1 0.8818359375 0.1396484375 0.2158203125 0.279296875
0 0.4677734375 0.1787109375 0.2265625 0.357421875
1 0.0947265625 0.1962890625 0.1435546875 0.234375
0 0.6923828125 0.2412109375 0.189453125 0.3203125
1 0.857421875 0.4755859375 0.197265625 0.349609375
1 0.6005859375 0.5146484375 0.2177734375 0.302734375
1 0.1181640625 0.5419921875 0.1435546875 0.2626953125
0 0.83984375 0.7998046875 0.1689453125 0.2412109375
1 0.4833984375 0.8017578125 0.154296875 0.3505859375
1 0.6376953125 0.830078125 0.14453125 0.3232421875
1 0.3115234375 0.8447265625 0.177734375 0.294921875