1 0.396484375 0.16796875 0.16796875 0.205078125
1 0.1875 0.1787109375 0.1279296875 0.203125
0 0.552734375 0.2333984375 0.1357421875 0.201171875
1 0.908203125 0.2939453125 0.1494140625 0.1943359375
1 0.2529296875 0.376953125 0.109375 0.1923828125
1 0.7099609375 0.5205078125 0.1435546875 0.2236328125
1 0.56640625 0.591796875 0.126953125 0.2080078125
0 0.185546875 0.697265625 0.189453125 0.3232421875
1 0.673828125 0.728515625 0.134765625 0.21875
1 0.87890625 0.07421875 0.14453125 0.1484375
0 0.267578125 0.8935546875 0.1591796875 0.2119140625