0 0.2939453125 0.123046875 0.130859375 0.1513671875
1 0.7626953125 0.1708984375 0.1025390625 0.162109375
1 0.490234375 0.23046875 0.1162109375 0.208984375
1 0.6572265625 0.2822265625 0.1259765625 0.1904296875
1 0.7509765625 0.3056640625 0.111328125 0.1884765625
0 0.197265625 0.3125 0.146484375 0.1650390625
0 0.5400390625 0.3984375 0.1181640625 0.1875
1 0.4521484375 0.4189453125 0.123046875 0.25390625
1 0.232421875 0.4658203125 0.18359375 0.201171875
0 0.7275390625 0.5048828125 0.1279296875 0.2529296875
1 0.283203125 0.642578125 0.134765625 0.2197265625
1 0.6474609375 0.6533203125 0.1298828125 0.1884765625
1 0.384765625 0.076171875 0.1083984375 0.1513671875
1 0.2060546875 0.76171875 0.115234375 0.2373046875
0 0.3720703125 0.79296875 0.1025390625 0.244140625
1 0.2919921875 0.8466796875 0.1005859375 0.19921875
1 0.7001953125 0.8603515625 0.1171875 0.2275390625
1 0.681640625 0.0869140625 0.111328125 0.1728515625