1 0.7568359375 0.115234375 0.1025390625 0.1435546875
1 0.4794921875 0.1572265625 0.1162109375 0.19921875
1 0.63671875 0.212890625 0.1259765625 0.1904296875
1 0.7421875 0.244140625 0.111328125 0.1884765625
0 0.197265625 0.2509765625 0.146484375 0.181640625
0 0.533203125 0.328125 0.1181640625 0.1875
1 0.4326171875 0.3369140625 0.123046875 0.25390625
1 0.216796875 0.3818359375 0.18359375 0.2080078125
0 0.712890625 0.419921875 0.1279296875 0.2529296875
1 0.2744140625 0.5556640625 0.134765625 0.2197265625
1 0.626953125 0.576171875 0.1220703125 0.205078125
0 0.2861328125 0.0654296875 0.130859375 0.130859375
1 0.205078125 0.705078125 0.1201171875 0.21875
0 0.3681640625 0.7265625 0.1025390625 0.244140625
1 0.2861328125 0.7783203125 0.1005859375 0.19921875
1 0.677734375 0.7802734375 0.11328125 0.2275390625
1 0.9453125 0.91796875 0.1083984375 0.1640625
1 0.3369140625 0.9248046875 0.111328125 0.142578125