1 0.3955078125 0.1064453125 0.1103515625 0.1953125
1 0.6962890625 0.18359375 0.09765625 0.2412109375
1 0.2998046875 0.212890625 0.1416015625 0.18359375
1 0.77734375 0.2880859375 0.095703125 0.1630859375
1 0.501953125 0.3330078125 0.130859375 0.1884765625
1 0.671875 0.3994140625 0.107421875 0.1923828125
1 0.7705078125 0.423828125 0.099609375 0.1611328125
0 0.2255859375 0.4326171875 0.123046875 0.1630859375
1 0.462890625 0.4921875 0.111328125 0.2763671875
1 0.2451171875 0.5810546875 0.169921875 0.1962890625
0 0.7421875 0.599609375 0.1435546875 0.2431640625
1 0.5537109375 0.068359375 0.11328125 0.1357421875
1 0.2763671875 0.076171875 0.1064453125 0.1513671875
1 0.6611328125 0.763671875 0.1162109375 0.1875
1 0.298828125 0.767578125 0.134765625 0.2197265625
1 0.220703125 0.8837890625 0.1171875 0.2216796875
0 0.388671875 0.8974609375 0.1044921875 0.19921875