1 0.3837890625 0.140625 0.119140625 0.1875
1 0.578125 0.142578125 0.1494140625 0.1923828125
1 0.0576171875 0.1875 0.1142578125 0.2890625
1 0.8642578125 0.5029296875 0.126953125 0.212890625
1 0.142578125 0.521484375 0.138671875 0.2998046875
1 0.7392578125 0.55859375 0.119140625 0.2080078125
0 0.39453125 0.6259765625 0.185546875 0.310546875
1 0.8369140625 0.6923828125 0.126953125 0.201171875
1 0.0517578125 0.8583984375 0.103515625 0.283203125
0 0.4677734375 0.8720703125 0.15234375 0.255859375
1 0.2890625 0.91015625 0.1484375 0.1796875