1 0.4365234375 0.154296875 0.0947265625 0.185546875
1 0.4970703125 0.244140625 0.0947265625 0.1650390625
0 0.677734375 0.2451171875 0.142578125 0.171875
0 0.2392578125 0.33984375 0.11328125 0.15234375
1 0.400390625 0.34375 0.0830078125 0.1923828125
1 0.67578125 0.42578125 0.1044921875 0.181640625
0 0.3505859375 0.4462890625 0.1015625 0.2490234375
0 0.126953125 0.5732421875 0.103515625 0.158203125
1 0.591796875 0.599609375 0.091796875 0.21875
1 0.5068359375 0.607421875 0.0966796875 0.21484375
0 0.3837890625 0.6513671875 0.1123046875 0.1630859375
1 0.06640625 0.6640625 0.1103515625 0.197265625
1 0.400390625 0.8330078125 0.1162109375 0.2001953125
1 0.8056640625 0.08984375 0.1064453125 0.169921875
1 0.068359375 0.9111328125 0.119140625 0.1669921875
1 0.169921875 0.9150390625 0.08984375 0.169921875