1 0.5654296875 0.1484375 0.119140625 0.1875
1 0.2451171875 0.1484375 0.1494140625 0.2626953125
1 0.7412109375 0.1630859375 0.138671875 0.1875
1 0.1806640625 0.478515625 0.1474609375 0.328125
1 0.34765625 0.48046875 0.130859375 0.2900390625
1 0.88671875 0.5517578125 0.1015625 0.1875
0 0.6005859375 0.59765625 0.162109375 0.28125
1 0.1259765625 0.7822265625 0.1328125 0.2666015625
1 0.2490234375 0.81640625 0.1435546875 0.2861328125
0 0.6669921875 0.8505859375 0.14453125 0.298828125
1 0.498046875 0.8876953125 0.1376953125 0.2197265625