1 0.236328125 0.21484375 0.16796875 0.2431640625
1 0.0478515625 0.232421875 0.095703125 0.248046875
0 0.4013671875 0.2724609375 0.1513671875 0.1708984375
0 0.5673828125 0.2822265625 0.1513671875 0.25
1 0.779296875 0.296875 0.1396484375 0.19921875
0 0.365234375 0.4326171875 0.13671875 0.26171875
1 0.5791015625 0.53125 0.14453125 0.228515625
0 0.4326171875 0.6318359375 0.14453125 0.2568359375
0 0.55078125 0.755859375 0.1396484375 0.248046875
0 0.0634765625 0.7978515625 0.126953125 0.375
0 0.54296875 0.9228515625 0.16796875 0.1513671875