0 0.3896484375 0.185546875 0.064453125 0.11328125
1 0.201171875 0.2861328125 0.0771484375 0.1181640625
1 0.2744140625 0.328125 0.0576171875 0.115234375
1 0.369140625 0.3740234375 0.07421875 0.091796875
0 0.87109375 0.515625 0.1298828125 0.2236328125
1 0.767578125 0.5361328125 0.095703125 0.1728515625
1 0.4638671875 0.544921875 0.083984375 0.1103515625
1 0.841796875 0.5771484375 0.123046875 0.19921875
1 0.59765625 0.591796875 0.123046875 0.185546875
0 0.7861328125 0.697265625 0.134765625 0.1943359375
1 0.498046875 0.703125 0.091796875 0.154296875
0 0.2568359375 0.775390625 0.0986328125 0.146484375
1 0.251953125 0.9130859375 0.1494140625 0.1708984375