0 0.2763671875 0.1865234375 0.064453125 0.11328125
1 0.083984375 0.296875 0.0771484375 0.1181640625
1 0.1650390625 0.3388671875 0.060546875 0.115234375
1 0.263671875 0.3798828125 0.07421875 0.091796875
0 0.7412109375 0.470703125 0.125 0.1923828125
1 0.640625 0.513671875 0.095703125 0.1728515625
1 0.337890625 0.541015625 0.083984375 0.1103515625
1 0.70703125 0.544921875 0.123046875 0.19921875
1 0.466796875 0.578125 0.123046875 0.185546875
0 0.6357421875 0.66015625 0.1318359375 0.1943359375
1 0.37109375 0.6923828125 0.091796875 0.154296875
0 0.138671875 0.7763671875 0.0986328125 0.146484375
1 0.8076171875 0.912109375 0.154296875 0.1708984375
1 0.1005859375 0.9130859375 0.146484375 0.1708984375