0 0.37890625 0.935546875 0.109375 0.12890625
1 0.3525390625 0.3544921875 0.1044921875 0.115234375
1 0.33984375 0.4384765625 0.103515625 0.125
1 0.5224609375 0.4462890625 0.087890625 0.173828125
0 0.3134765625 0.5224609375 0.1142578125 0.146484375
1 0.603515625 0.5615234375 0.1015625 0.1533203125
1 0.337890625 0.6298828125 0.1376953125 0.2119140625
1 0.4609375 0.6904296875 0.1123046875 0.2626953125
1 0.833984375 0.6962890625 0.1064453125 0.1494140625
1 0.5185546875 0.7197265625 0.0869140625 0.2353515625
1 0.7666015625 0.75 0.0947265625 0.255859375
1 0.36328125 0.794921875 0.1298828125 0.1845703125
1 0.8427734375 0.830078125 0.111328125 0.17578125
0 0.1630859375 0.890625 0.111328125 0.1748046875
1 0.9638671875 0.9091796875 0.072265625 0.181640625
1 0.5712890625 0.9189453125 0.142578125 0.162109375