1 0.1005859375 0.123046875 0.1142578125 0.1884765625
1 0.525390625 0.197265625 0.1015625 0.23828125
1 0.7353515625 0.267578125 0.1044921875 0.1923828125
1 0.341796875 0.2802734375 0.123046875 0.2236328125
1 0.6083984375 0.37890625 0.1279296875 0.169921875
1 0.7685546875 0.5107421875 0.11328125 0.1826171875
1 0.5380859375 0.5537109375 0.1376953125 0.2177734375
1 0.66015625 0.62109375 0.1435546875 0.2216796875
1 0.310546875 0.6826171875 0.1513671875 0.2587890625
1 0.4228515625 0.6884765625 0.1162109375 0.2333984375
1 0.828125 0.0703125 0.11328125 0.1396484375
0 0.578125 0.0732421875 0.10546875 0.146484375
1 0.224609375 0.0810546875 0.1181640625 0.162109375
1 0.4853515625 0.828125 0.1240234375 0.22265625
1 0.673828125 0.88671875 0.1181640625 0.2255859375
1 0.2822265625 0.896484375 0.1435546875 0.20703125
1 0.9287109375 0.9033203125 0.107421875 0.18359375
1 0.40625 0.9228515625 0.1396484375 0.154296875