1 0.4169921875 0.0966796875 0.1298828125 0.1923828125
1 0.4931640625 0.1728515625 0.1220703125 0.212890625
0 0.7177734375 0.185546875 0.1767578125 0.2255859375
1 0.3720703125 0.326171875 0.12109375 0.24609375
0 0.17578125 0.33203125 0.134765625 0.1884765625
1 0.7177734375 0.4111328125 0.119140625 0.2099609375
0 0.3212890625 0.4453125 0.12890625 0.318359375
1 0.6123046875 0.6259765625 0.10546875 0.244140625
1 0.5107421875 0.638671875 0.11328125 0.2509765625
0 0.359375 0.6962890625 0.1416015625 0.2021484375
1 0.38671875 0.9072265625 0.140625 0.173828125