0 0.890625 0.1474609375 0.18359375 0.294921875
0 0.521484375 0.171875 0.22265625 0.34375
1 0.0712890625 0.1796875 0.142578125 0.236328125
1 0.7294921875 0.25 0.1591796875 0.2958984375
1 0.4443359375 0.296875 0.1240234375 0.2783203125
0 0.869140625 0.4697265625 0.1767578125 0.3046875
1 0.646484375 0.5009765625 0.2080078125 0.2890625
1 0.1123046875 0.5419921875 0.171875 0.279296875
0 0.8525390625 0.7705078125 0.158203125 0.22265625
1 0.5224609375 0.7861328125 0.14453125 0.36328125
1 0.666015625 0.822265625 0.1318359375 0.3046875
1 0.3505859375 0.8349609375 0.2138671875 0.330078125