1 0.41796875 0.134765625 0.119140625 0.1875
1 0.6083984375 0.1552734375 0.1494140625 0.1923828125
1 0.0732421875 0.189453125 0.146484375 0.2685546875
1 0.8828125 0.5029296875 0.126953125 0.212890625
1 0.17578125 0.52734375 0.134765625 0.302734375
1 0.0478515625 0.5478515625 0.0947265625 0.296875
1 0.763671875 0.5556640625 0.119140625 0.2080078125
0 0.431640625 0.6318359375 0.185546875 0.310546875
1 0.8642578125 0.6865234375 0.126953125 0.201171875
1 0.068359375 0.8583984375 0.13671875 0.283203125
0 0.51171875 0.8720703125 0.15234375 0.255859375
1 0.3193359375 0.91015625 0.150390625 0.1796875