1 0.3271484375 0.13671875 0.2041015625 0.2734375
1 0.1572265625 0.150390625 0.1513671875 0.2763671875
1 0.9072265625 0.1787109375 0.185546875 0.353515625
1 0.634765625 0.2373046875 0.1962890625 0.474609375
1 0.068359375 0.26953125 0.13671875 0.3642578125
1 0.4619140625 0.3349609375 0.193359375 0.28515625
1 0.6513671875 0.5751953125 0.1982421875 0.2900390625
1 0.4892578125 0.63671875 0.2216796875 0.3564453125
1 0.96484375 0.7822265625 0.0693359375 0.3916015625
1 0.814453125 0.7861328125 0.1806640625 0.4091796875
1 0.5556640625 0.8203125 0.19140625 0.337890625