1 0.5009765625 0.1484375 0.119140625 0.1875
1 0.689453125 0.1611328125 0.1494140625 0.1923828125
1 0.1728515625 0.1884765625 0.1494140625 0.2626953125
1 0.2802734375 0.4931640625 0.130859375 0.2900390625
1 0.947265625 0.50390625 0.10546875 0.1953125
1 0.1123046875 0.5341796875 0.158203125 0.326171875
1 0.845703125 0.548828125 0.1015625 0.1875
0 0.533203125 0.619140625 0.1689453125 0.2841796875
1 0.939453125 0.69140625 0.12109375 0.1904296875
1 0.0634765625 0.8134765625 0.1220703125 0.2744140625
1 0.181640625 0.841796875 0.1435546875 0.291015625
0 0.6064453125 0.8505859375 0.14453125 0.298828125
1 0.4384765625 0.896484375 0.12890625 0.20703125