1 0.6865234375 0.1328125 0.111328125 0.1953125
0 0.2958984375 0.1376953125 0.130859375 0.1640625
1 0.7724609375 0.21875 0.1025390625 0.162109375
1 0.4990234375 0.267578125 0.1162109375 0.208984375
1 0.658203125 0.3115234375 0.1259765625 0.1904296875
1 0.7568359375 0.353515625 0.111328125 0.1884765625
0 0.2236328125 0.357421875 0.146484375 0.1650390625
0 0.552734375 0.4228515625 0.1181640625 0.1875
1 0.46484375 0.4736328125 0.123046875 0.25390625
1 0.244140625 0.5009765625 0.18359375 0.201171875
0 0.7412109375 0.5458984375 0.1279296875 0.2529296875
1 0.6474609375 0.6884765625 0.1298828125 0.1884765625
1 0.291015625 0.69140625 0.134765625 0.2197265625
1 0.2158203125 0.8115234375 0.115234375 0.2373046875
1 0.3837890625 0.083984375 0.107421875 0.16796875
0 0.3837890625 0.8583984375 0.1025390625 0.244140625
1 0.705078125 0.8857421875 0.1171875 0.2275390625
1 0.2978515625 0.900390625 0.107421875 0.19921875