0 0.3056640625 0.19140625 0.064453125 0.11328125
1 0.1162109375 0.287109375 0.0771484375 0.1181640625
1 0.197265625 0.3330078125 0.060546875 0.115234375
1 0.2919921875 0.376953125 0.07421875 0.091796875
0 0.783203125 0.470703125 0.125 0.1923828125
1 0.681640625 0.5068359375 0.095703125 0.1728515625
1 0.751953125 0.537109375 0.123046875 0.19921875
1 0.388671875 0.544921875 0.083984375 0.1103515625
1 0.5048828125 0.5693359375 0.123046875 0.185546875
0 0.681640625 0.6728515625 0.1318359375 0.1943359375
1 0.40625 0.6923828125 0.091796875 0.154296875
0 0.177734375 0.7802734375 0.0986328125 0.146484375
1 0.8505859375 0.912109375 0.154296875 0.1708984375
1 0.14453125 0.9130859375 0.146484375 0.1708984375