1 0.4013671875 0.927734375 0.142578125 0.14453125
1 0.498046875 0.130859375 0.142578125 0.2255859375
0 0.75 0.1455078125 0.1787109375 0.2333984375
1 0.375 0.291015625 0.12109375 0.24609375
0 0.146484375 0.3095703125 0.1435546875 0.21484375
1 0.748046875 0.3798828125 0.134765625 0.2236328125
0 0.314453125 0.451171875 0.1318359375 0.3212890625
1 0.642578125 0.6279296875 0.1103515625 0.2548828125
1 0.533203125 0.650390625 0.134765625 0.2841796875
0 0.3642578125 0.72265625 0.1455078125 0.2021484375
1 0.4111328125 0.080078125 0.1337890625 0.1591796875