1 0.556640625 0.1376953125 0.1044921875 0.16015625
1 0.287109375 0.1533203125 0.1064453125 0.1875
1 0.4013671875 0.173828125 0.1103515625 0.248046875
1 0.7001953125 0.2861328125 0.09765625 0.2412109375
1 0.3076171875 0.298828125 0.1416015625 0.18359375
1 0.7880859375 0.3642578125 0.095703125 0.1630859375
1 0.505859375 0.380859375 0.130859375 0.1884765625
1 0.6826171875 0.455078125 0.107421875 0.20703125
1 0.7763671875 0.5166015625 0.099609375 0.1611328125
0 0.2236328125 0.5205078125 0.123046875 0.1767578125
1 0.4775390625 0.5771484375 0.111328125 0.2763671875
0 0.4091796875 0.6171875 0.1171875 0.25
1 0.259765625 0.6591796875 0.169921875 0.1962890625
0 0.75390625 0.6826171875 0.1435546875 0.2431640625
1 0.666015625 0.83984375 0.1162109375 0.1875
1 0.3037109375 0.8583984375 0.134765625 0.2197265625