1 0.619140625 0.1494140625 0.1103515625 0.1689453125
1 0.310546875 0.162109375 0.146484375 0.2509765625
1 0.79296875 0.1865234375 0.1337890625 0.1826171875
1 0.0693359375 0.3759765625 0.138671875 0.29296875
1 0.4140625 0.4814453125 0.126953125 0.287109375
1 0.26171875 0.4912109375 0.1474609375 0.328125
1 0.921875 0.5654296875 0.0986328125 0.1806640625
0 0.6630859375 0.5947265625 0.154296875 0.28125
1 0.2021484375 0.7509765625 0.1220703125 0.2353515625
1 0.3193359375 0.7978515625 0.1279296875 0.2705078125
0 0.7236328125 0.845703125 0.14453125 0.2841796875
1 0.5791015625 0.8876953125 0.115234375 0.224609375