1 0.0947265625 0.1220703125 0.17578125 0.228515625
0 0.927734375 0.1630859375 0.14453125 0.3154296875
0 0.6015625 0.1708984375 0.208984375 0.341796875
1 0.7763671875 0.26953125 0.134765625 0.267578125
1 0.482421875 0.2998046875 0.1240234375 0.2783203125
0 0.89453125 0.482421875 0.1669921875 0.294921875
1 0.1279296875 0.505859375 0.1875 0.2841796875
1 0.6845703125 0.5087890625 0.1982421875 0.2890625
0 0.2626953125 0.693359375 0.125 0.30078125
0 0.87109375 0.78125 0.158203125 0.22265625
1 0.55859375 0.7880859375 0.14453125 0.36328125
1 0.69140625 0.8271484375 0.126953125 0.3046875
1 0.388671875 0.83203125 0.2265625 0.3251953125