1 0.4931640625 0.935546875 0.146484375 0.12890625
0 0.8876953125 0.15234375 0.1083984375 0.169921875
1 0.236328125 0.232421875 0.1083984375 0.21875
0 0.5869140625 0.240234375 0.1083984375 0.2021484375
1 0.822265625 0.2421875 0.107421875 0.201171875
1 0.126953125 0.3173828125 0.103515625 0.19140625
1 0.5390625 0.3544921875 0.107421875 0.2236328125
1 0.7587890625 0.4462890625 0.11328125 0.1796875
1 0.349609375 0.4736328125 0.1279296875 0.2216796875
1 0.61328125 0.5439453125 0.1181640625 0.2041015625
1 0.7685546875 0.7197265625 0.111328125 0.2431640625
1 0.18359375 0.0751953125 0.087890625 0.150390625
1 0.5419921875 0.7421875 0.1396484375 0.2255859375
1 0.5654296875 0.0791015625 0.1083984375 0.1572265625
1 0.658203125 0.8310546875 0.14453125 0.224609375
1 0.42578125 0.84765625 0.1181640625 0.2744140625
1 0.314453125 0.869140625 0.1650390625 0.2568359375
1 0.7353515625 0.9130859375 0.1328125 0.1728515625