1 0.4912109375 0.17578125 0.0830078125 0.1640625
1 0.572265625 0.2861328125 0.1064453125 0.162109375
1 0.3037109375 0.3291015625 0.1220703125 0.1962890625
1 0.4248046875 0.3662109375 0.1025390625 0.244140625
1 0.7939453125 0.408203125 0.087890625 0.181640625
1 0.486328125 0.4130859375 0.0908203125 0.22265625
1 0.71875 0.4345703125 0.0966796875 0.240234375
1 0.33203125 0.494140625 0.1376953125 0.173828125
1 0.802734375 0.54296875 0.0986328125 0.1611328125
0 0.1533203125 0.5947265625 0.1005859375 0.1669921875
1 0.5341796875 0.619140625 0.12890625 0.2021484375
1 0.701171875 0.669921875 0.111328125 0.2001953125
1 0.7978515625 0.6826171875 0.1025390625 0.189453125
0 0.255859375 0.7080078125 0.1513671875 0.16796875
0 0.576171875 0.7841796875 0.1357421875 0.1875
0 0.4169921875 0.8173828125 0.1015625 0.2763671875
1 0.4951171875 0.833984375 0.115234375 0.2626953125
1 0.2763671875 0.87109375 0.1591796875 0.216796875
0 0.76953125 0.8759765625 0.1337890625 0.248046875