1 0.1162109375 0.1142578125 0.17578125 0.228515625
0 0.6611328125 0.169921875 0.220703125 0.33984375
0 0.9404296875 0.1845703125 0.119140625 0.322265625
1 0.8125 0.2744140625 0.134765625 0.267578125
1 0.5263671875 0.2900390625 0.1240234375 0.2783203125
0 0.92578125 0.501953125 0.1484375 0.28125
1 0.1611328125 0.5068359375 0.1806640625 0.28125
1 0.7236328125 0.5087890625 0.1982421875 0.2890625
0 0.2861328125 0.7109375 0.125 0.30078125
1 0.59765625 0.7880859375 0.14453125 0.36328125
0 0.904296875 0.80078125 0.158203125 0.2197265625
1 0.728515625 0.8310546875 0.1259765625 0.3017578125
1 0.427734375 0.8369140625 0.2265625 0.326171875