1 0.3662109375 0.14453125 0.1259765625 0.1943359375
1 0.5576171875 0.15234375 0.1494140625 0.1923828125
1 0.0498046875 0.189453125 0.099609375 0.294921875
1 0.8486328125 0.5185546875 0.126953125 0.212890625
1 0.119140625 0.5244140625 0.138671875 0.2998046875
1 0.71875 0.56640625 0.119140625 0.2080078125
0 0.375 0.634765625 0.185546875 0.310546875
1 0.822265625 0.712890625 0.126953125 0.201171875
1 0.041015625 0.853515625 0.0810546875 0.2734375
0 0.4501953125 0.8720703125 0.15234375 0.255859375
1 0.265625 0.91796875 0.1484375 0.1640625