1 0.1259765625 0.111328125 0.185546875 0.22265625
0 0.6884765625 0.1767578125 0.2216796875 0.3525390625
0 0.9404296875 0.1845703125 0.119140625 0.322265625
1 0.8310546875 0.291015625 0.12890625 0.259765625
1 0.54296875 0.2978515625 0.1240234375 0.2783203125
1 0.1728515625 0.4921875 0.185546875 0.3154296875
0 0.9287109375 0.505859375 0.1337890625 0.2783203125
1 0.7451171875 0.521484375 0.1982421875 0.2890625
0 0.3046875 0.6953125 0.1396484375 0.3212890625
1 0.6123046875 0.7978515625 0.14453125 0.36328125
0 0.904296875 0.80078125 0.158203125 0.2197265625
1 0.7412109375 0.8310546875 0.1259765625 0.3017578125
1 0.439453125 0.8369140625 0.2265625 0.326171875