0 0.3544921875 0.1923828125 0.064453125 0.11328125
1 0.162109375 0.2822265625 0.0771484375 0.1181640625
1 0.240234375 0.3388671875 0.060546875 0.115234375
1 0.3447265625 0.37890625 0.07421875 0.091796875
0 0.8369140625 0.48828125 0.125 0.1923828125
1 0.732421875 0.53125 0.095703125 0.1728515625
1 0.4365234375 0.55078125 0.083984375 0.1103515625
1 0.806640625 0.55859375 0.123046875 0.19921875
1 0.560546875 0.5849609375 0.123046875 0.185546875
1 0.470703125 0.693359375 0.091796875 0.154296875
0 0.74609375 0.6943359375 0.1318359375 0.197265625
0 0.23046875 0.76953125 0.0986328125 0.146484375
1 0.2138671875 0.9130859375 0.1494140625 0.1708984375
1 0.9140625 0.9189453125 0.1484375 0.162109375