0 0.24609375 0.1884765625 0.064453125 0.115234375
1 0.0419921875 0.294921875 0.07421875 0.1181640625
1 0.125 0.34375 0.060546875 0.115234375
1 0.2255859375 0.3798828125 0.07421875 0.10546875
0 0.7021484375 0.470703125 0.125 0.1923828125
1 0.59765625 0.51171875 0.095703125 0.1728515625
1 0.2978515625 0.544921875 0.083984375 0.1103515625
1 0.6630859375 0.5517578125 0.123046875 0.19921875
1 0.4208984375 0.5771484375 0.123046875 0.185546875
0 0.59375 0.669921875 0.1318359375 0.1943359375
1 0.32421875 0.6982421875 0.0888671875 0.154296875
0 0.091796875 0.78515625 0.0986328125 0.146484375
1 0.7548828125 0.912109375 0.154296875 0.1708984375
1 0.06640625 0.916015625 0.1318359375 0.16796875