1 0.0947265625 0.119140625 0.17578125 0.228515625
0 0.927734375 0.158203125 0.14453125 0.3154296875
0 0.6171875 0.1708984375 0.208984375 0.341796875
1 0.7861328125 0.26953125 0.134765625 0.267578125
1 0.498046875 0.2919921875 0.1240234375 0.2783203125
0 0.908203125 0.48828125 0.1669921875 0.2939453125
1 0.6904296875 0.5009765625 0.1982421875 0.2890625
1 0.1337890625 0.50390625 0.1806640625 0.28125
0 0.2734375 0.6953125 0.125 0.30078125
0 0.87109375 0.78125 0.158203125 0.22265625
1 0.5673828125 0.7861328125 0.14453125 0.36328125
1 0.703125 0.8271484375 0.126953125 0.3046875
1 0.3984375 0.83203125 0.2265625 0.3251953125