0 0.2431640625 0.1962890625 0.064453125 0.115234375
1 0.04296875 0.30078125 0.07421875 0.1181640625
1 0.1201171875 0.341796875 0.0576171875 0.115234375
1 0.2255859375 0.38671875 0.07421875 0.10546875
0 0.6884765625 0.4638671875 0.125 0.1923828125
1 0.5849609375 0.5068359375 0.095703125 0.1728515625
1 0.6455078125 0.5400390625 0.1181640625 0.19921875
1 0.2900390625 0.5458984375 0.083984375 0.1103515625
1 0.41015625 0.580078125 0.123046875 0.185546875
0 0.55859375 0.669921875 0.1318359375 0.1943359375
1 0.310546875 0.6982421875 0.0888671875 0.154296875
0 0.0791015625 0.8056640625 0.0986328125 0.146484375
1 0.7275390625 0.9111328125 0.15625 0.1728515625
1 0.0556640625 0.921875 0.1103515625 0.15625