0 0.30859375 0.9306640625 0.1396484375 0.134765625
0 0.1611328125 0.189453125 0.0625 0.115234375
1 0.0322265625 0.3525390625 0.0625 0.115234375
1 0.12890625 0.3916015625 0.07421875 0.10546875
0 0.57421875 0.46484375 0.125 0.1923828125
1 0.4638671875 0.5087890625 0.095703125 0.1728515625
1 0.50390625 0.5400390625 0.1181640625 0.19921875
1 0.177734375 0.5478515625 0.091796875 0.1181640625
1 0.2822265625 0.580078125 0.13671875 0.197265625
0 0.42578125 0.685546875 0.1396484375 0.2138671875
1 0.5693359375 0.9169921875 0.154296875 0.1611328125