0 0.1669921875 0.9326171875 0.1416015625 0.134765625
1 0.5048828125 0.1083984375 0.05078125 0.08203125
1 0.564453125 0.119140625 0.0576171875 0.083984375
1 0.54296875 0.162109375 0.0673828125 0.0791015625
0 0.052734375 0.19140625 0.064453125 0.11328125
1 0.037109375 0.4111328125 0.07421875 0.10546875
0 0.4638671875 0.4365234375 0.125 0.1923828125
1 0.3505859375 0.490234375 0.095703125 0.1728515625
1 0.388671875 0.53515625 0.1181640625 0.19921875
1 0.06640625 0.5634765625 0.091796875 0.1181640625
1 0.1611328125 0.6083984375 0.134765625 0.197265625
0 0.3017578125 0.681640625 0.1396484375 0.2138671875
1 0.439453125 0.9169921875 0.154296875 0.1611328125