1 0.513671875 0.1484375 0.119140625 0.1875
1 0.6943359375 0.1630859375 0.138671875 0.1875
1 0.173828125 0.1767578125 0.1494140625 0.2626953125
1 0.2890625 0.4873046875 0.130859375 0.2900390625
1 0.947265625 0.50390625 0.10546875 0.1953125
1 0.119140625 0.5341796875 0.158203125 0.326171875
1 0.845703125 0.548828125 0.1015625 0.1875
0 0.54296875 0.6064453125 0.1689453125 0.2841796875
1 0.939453125 0.68359375 0.12109375 0.201171875
1 0.0703125 0.8095703125 0.1220703125 0.2744140625
1 0.1884765625 0.833984375 0.1435546875 0.291015625
0 0.61328125 0.8505859375 0.14453125 0.298828125
1 0.4423828125 0.896484375 0.12890625 0.20703125