0 0.5673828125 0.09375 0.107421875 0.169921875
1 0.6728515625 0.9326171875 0.119140625 0.134765625
1 0.92578125 0.935546875 0.1328125 0.12890625
1 0.8173828125 0.125 0.1201171875 0.22265625
1 0.2265625 0.1357421875 0.1142578125 0.2373046875
1 0.123046875 0.224609375 0.1416015625 0.2080078125
1 0.5322265625 0.2880859375 0.1123046875 0.1923828125
1 0.7490234375 0.34375 0.12109375 0.1572265625
1 0.3466796875 0.3681640625 0.1318359375 0.2177734375
1 0.603515625 0.4404296875 0.12109375 0.1689453125
1 0.7646484375 0.611328125 0.1123046875 0.212890625
1 0.5478515625 0.640625 0.1552734375 0.220703125
1 0.6650390625 0.73046875 0.1357421875 0.21484375
1 0.3076171875 0.7529296875 0.1943359375 0.244140625
1 0.4208984375 0.7568359375 0.1142578125 0.25
1 0.4990234375 0.8974609375 0.1298828125 0.2041015625
1 0.283203125 0.921875 0.154296875 0.1552734375