1 0.591796875 0.1513671875 0.119140625 0.1875
1 0.2744140625 0.1533203125 0.1494140625 0.2626953125
1 0.7607421875 0.173828125 0.1337890625 0.1826171875
1 0.0478515625 0.373046875 0.095703125 0.287109375
1 0.3759765625 0.482421875 0.130859375 0.2900390625
1 0.2138671875 0.4892578125 0.1474609375 0.328125
1 0.9111328125 0.5556640625 0.1015625 0.1875
0 0.6318359375 0.59765625 0.162109375 0.28125
1 0.15625 0.7666015625 0.1328125 0.2666015625
1 0.28515625 0.7978515625 0.1337890625 0.2763671875
0 0.69140625 0.8505859375 0.14453125 0.298828125
1 0.53125 0.8896484375 0.13671875 0.220703125