1 0.3330078125 0.15234375 0.1435546875 0.2451171875
1 0.634765625 0.16015625 0.1103515625 0.169921875
1 0.8037109375 0.19140625 0.1171875 0.171875
1 0.083984375 0.369140625 0.1318359375 0.279296875
1 0.43359375 0.4814453125 0.1201171875 0.287109375
1 0.27734375 0.486328125 0.1474609375 0.328125
1 0.935546875 0.5654296875 0.0986328125 0.1806640625
0 0.6875 0.59765625 0.154296875 0.2607421875
1 0.220703125 0.7587890625 0.1220703125 0.2353515625
1 0.3427734375 0.7978515625 0.1279296875 0.2705078125
0 0.7451171875 0.8427734375 0.14453125 0.2841796875
1 0.5927734375 0.8876953125 0.115234375 0.224609375