0 0.41015625 0.205078125 0.0625 0.115234375
1 0.232421875 0.294921875 0.0771484375 0.1181640625
1 0.3115234375 0.3388671875 0.0576171875 0.115234375
1 0.404296875 0.38671875 0.07421875 0.091796875
0 0.90234375 0.529296875 0.1298828125 0.2236328125
1 0.501953125 0.5517578125 0.083984375 0.095703125
1 0.8037109375 0.556640625 0.095703125 0.1728515625
1 0.880859375 0.58984375 0.123046875 0.19921875
1 0.6318359375 0.6005859375 0.123046875 0.185546875
0 0.818359375 0.7236328125 0.1416015625 0.2041015625
0 0.2880859375 0.7802734375 0.0986328125 0.146484375
1 0.298828125 0.9208984375 0.1513671875 0.154296875