1 0.6005859375 0.1494140625 0.1103515625 0.1689453125
1 0.291015625 0.158203125 0.146484375 0.2509765625
1 0.7744140625 0.1787109375 0.1337890625 0.1826171875
1 0.056640625 0.3720703125 0.11328125 0.287109375
1 0.3955078125 0.4814453125 0.126953125 0.287109375
1 0.2333984375 0.4912109375 0.1474609375 0.328125
1 0.9111328125 0.5615234375 0.1015625 0.1875
0 0.6455078125 0.59765625 0.162109375 0.28125
1 0.17578125 0.76171875 0.130859375 0.24609375
1 0.30078125 0.7978515625 0.1337890625 0.2763671875
0 0.712890625 0.8505859375 0.14453125 0.298828125
1 0.548828125 0.8896484375 0.12890625 0.220703125