1 0.4169921875 0.0966796875 0.1298828125 0.1923828125
1 0.4853515625 0.1728515625 0.1181640625 0.21875
0 0.6904296875 0.1953125 0.15234375 0.205078125
1 0.3720703125 0.326171875 0.12109375 0.24609375
0 0.1884765625 0.3271484375 0.123046875 0.1884765625
1 0.703125 0.4091796875 0.1162109375 0.205078125
0 0.3212890625 0.4453125 0.12890625 0.318359375
1 0.6083984375 0.5986328125 0.099609375 0.2265625
0 0.0576171875 0.615234375 0.107421875 0.2001953125
1 0.509765625 0.626953125 0.111328125 0.2421875
0 0.3603515625 0.6728515625 0.130859375 0.1962890625
1 0.3798828125 0.8984375 0.134765625 0.203125