1 0.533203125 0.1455078125 0.119140625 0.1875
1 0.7099609375 0.1552734375 0.138671875 0.1875
1 0.2060546875 0.1611328125 0.1494140625 0.2626953125
1 0.3115234375 0.4853515625 0.130859375 0.2900390625
1 0.9541015625 0.5 0.087890625 0.1875
1 0.1455078125 0.5068359375 0.1474609375 0.328125
1 0.859375 0.548828125 0.1015625 0.1875
0 0.576171875 0.6015625 0.162109375 0.28125
1 0.9462890625 0.685546875 0.107421875 0.1875
1 0.0986328125 0.791015625 0.1259765625 0.26953125
1 0.220703125 0.826171875 0.1435546875 0.2861328125
0 0.6376953125 0.84765625 0.14453125 0.298828125
1 0.4736328125 0.8896484375 0.138671875 0.220703125