1 0.1005859375 0.123046875 0.1142578125 0.1884765625
1 0.525390625 0.197265625 0.1015625 0.23828125
1 0.7353515625 0.267578125 0.1044921875 0.1923828125
1 0.341796875 0.2802734375 0.123046875 0.2236328125
1 0.60546875 0.365234375 0.1279296875 0.169921875
1 0.7685546875 0.5107421875 0.11328125 0.1826171875
1 0.5380859375 0.5537109375 0.1376953125 0.2177734375
1 0.66015625 0.62109375 0.1435546875 0.2216796875
1 0.310546875 0.669921875 0.1513671875 0.2587890625
1 0.423828125 0.669921875 0.1162109375 0.2333984375
1 0.828125 0.0703125 0.11328125 0.1396484375
1 0.224609375 0.0810546875 0.1181640625 0.162109375
1 0.48828125 0.8056640625 0.1240234375 0.22265625
1 0.6806640625 0.85546875 0.1181640625 0.2255859375
1 0.931640625 0.87890625 0.107421875 0.18359375
1 0.2880859375 0.896484375 0.1435546875 0.20703125
1 0.40234375 0.9052734375 0.1484375 0.1884765625