1 0.400390625 0.134765625 0.119140625 0.1875
1 0.5908203125 0.1513671875 0.1494140625 0.1923828125
1 0.060546875 0.19140625 0.12109375 0.2734375
1 0.87109375 0.5029296875 0.126953125 0.212890625
1 0.15625 0.521484375 0.138671875 0.2998046875
1 0.7509765625 0.564453125 0.119140625 0.2080078125
1 0.0390625 0.56640625 0.078125 0.29296875
0 0.4150390625 0.62890625 0.185546875 0.310546875
1 0.8466796875 0.689453125 0.126953125 0.201171875
1 0.0654296875 0.8583984375 0.130859375 0.283203125
0 0.4912109375 0.8720703125 0.15234375 0.255859375
1 0.3076171875 0.91015625 0.150390625 0.1796875