1 0.408203125 0.9482421875 0.1396484375 0.1025390625
1 0.234375 0.1123046875 0.1181640625 0.1875
1 0.1044921875 0.205078125 0.1142578125 0.1884765625
1 0.525390625 0.23046875 0.1015625 0.23828125
1 0.34375 0.3173828125 0.123046875 0.2236328125
1 0.744140625 0.318359375 0.1044921875 0.1923828125
1 0.6005859375 0.4140625 0.1279296875 0.169921875
1 0.7685546875 0.521484375 0.11328125 0.1826171875
1 0.5322265625 0.6162109375 0.1376953125 0.2236328125
1 0.66015625 0.62109375 0.1435546875 0.2216796875
1 0.310546875 0.7353515625 0.1513671875 0.2587890625
1 0.419921875 0.736328125 0.1162109375 0.2333984375
1 0.82421875 0.0830078125 0.11328125 0.166015625
0 0.5791015625 0.0869140625 0.10546875 0.1728515625
1 0.4794921875 0.8818359375 0.1240234375 0.22265625
1 0.673828125 0.88671875 0.1181640625 0.2255859375
1 0.2880859375 0.9111328125 0.1435546875 0.1767578125
1 0.93359375 0.9248046875 0.107421875 0.150390625