0 0.25 0.197265625 0.064453125 0.115234375
1 0.044921875 0.3056640625 0.0771484375 0.1181640625
1 0.1259765625 0.3486328125 0.060546875 0.115234375
1 0.234375 0.3896484375 0.07421875 0.10546875
0 0.7021484375 0.4638671875 0.125 0.1923828125
1 0.5947265625 0.513671875 0.095703125 0.1728515625
1 0.6572265625 0.541015625 0.1181640625 0.19921875
1 0.296875 0.5458984375 0.083984375 0.1103515625
1 0.419921875 0.5791015625 0.123046875 0.185546875
0 0.568359375 0.6669921875 0.1318359375 0.1943359375
1 0.3232421875 0.697265625 0.0888671875 0.154296875
0 0.09375 0.8056640625 0.0986328125 0.146484375
1 0.7451171875 0.9111328125 0.154296875 0.1728515625
1 0.05859375 0.921875 0.1171875 0.15625