0 0.322265625 0.9326171875 0.1396484375 0.134765625
0 0.169921875 0.1884765625 0.0625 0.115234375
1 0.0322265625 0.3525390625 0.0625 0.115234375
1 0.138671875 0.400390625 0.07421875 0.10546875
0 0.58203125 0.46484375 0.125 0.1923828125
1 0.4736328125 0.5068359375 0.095703125 0.1728515625
1 0.5166015625 0.537109375 0.1181640625 0.19921875
1 0.1875 0.55078125 0.091796875 0.1181640625
1 0.2978515625 0.5791015625 0.13671875 0.197265625
0 0.443359375 0.67578125 0.1396484375 0.2119140625
1 0.58203125 0.9169921875 0.154296875 0.1611328125