1 0.1376953125 0.169921875 0.12890625 0.234375
1 0.302734375 0.2099609375 0.1103515625 0.2236328125
1 0.6103515625 0.2236328125 0.115234375 0.236328125
1 0.21875 0.259765625 0.0986328125 0.2255859375
0 0.921875 0.3564453125 0.0791015625 0.166015625
0 0.6162109375 0.404296875 0.099609375 0.2294921875
1 0.8603515625 0.4462890625 0.1142578125 0.2021484375
1 0.275390625 0.4521484375 0.111328125 0.2041015625
1 0.1484375 0.5224609375 0.1103515625 0.2158203125
1 0.5712890625 0.5791015625 0.08984375 0.232421875
1 0.783203125 0.6201171875 0.1240234375 0.1728515625
1 0.3857421875 0.6982421875 0.1240234375 0.2041015625
1 0.6435546875 0.736328125 0.1220703125 0.2060546875
1 0.55859375 0.0849609375 0.1015625 0.15234375
1 0.798828125 0.9033203125 0.1162109375 0.1923828125
1 0.5791015625 0.9130859375 0.1357421875 0.173828125