1 0.40625 0.134765625 0.119140625 0.1875
1 0.6083984375 0.1552734375 0.1494140625 0.1923828125
1 0.06640625 0.19140625 0.1328125 0.2734375
1 0.8740234375 0.5029296875 0.126953125 0.212890625
1 0.1650390625 0.5244140625 0.138671875 0.2998046875
1 0.7578125 0.5537109375 0.119140625 0.2080078125
1 0.04296875 0.5673828125 0.0859375 0.2998046875
0 0.4267578125 0.62890625 0.185546875 0.310546875
1 0.8642578125 0.6865234375 0.126953125 0.201171875
1 0.0654296875 0.8583984375 0.130859375 0.283203125
0 0.5 0.8720703125 0.15234375 0.255859375
1 0.3154296875 0.91015625 0.150390625 0.1796875