0 0.32421875 0.189453125 0.0625 0.115234375
1 0.130859375 0.2861328125 0.0771484375 0.1181640625
1 0.20703125 0.3330078125 0.060546875 0.115234375
1 0.3056640625 0.376953125 0.07421875 0.091796875
0 0.7900390625 0.470703125 0.125 0.1923828125
1 0.689453125 0.5244140625 0.095703125 0.1728515625
1 0.388671875 0.544921875 0.083984375 0.1103515625
1 0.763671875 0.5576171875 0.123046875 0.19921875
1 0.51171875 0.583984375 0.123046875 0.185546875
0 0.685546875 0.671875 0.134765625 0.1943359375
1 0.4208984375 0.6923828125 0.091796875 0.154296875
0 0.19140625 0.775390625 0.0986328125 0.146484375
1 0.861328125 0.912109375 0.15625 0.1708984375
1 0.16015625 0.9130859375 0.146484375 0.1708984375