1 0.681640625 0.93359375 0.1015625 0.1328125
1 0.16015625 0.0986328125 0.18359375 0.1962890625
0 0.6689453125 0.142578125 0.134765625 0.265625
1 0.2392578125 0.26171875 0.123046875 0.2197265625
1 0.5830078125 0.296875 0.10546875 0.1904296875
0 0.32421875 0.4072265625 0.09765625 0.2255859375
1 0.1650390625 0.419921875 0.1201171875 0.21875
1 0.63671875 0.4755859375 0.11328125 0.2275390625
1 0.25 0.4990234375 0.1005859375 0.1953125
1 0.1806640625 0.6064453125 0.09765625 0.1748046875
1 0.8955078125 0.650390625 0.0986328125 0.2255859375
0 0.638671875 0.650390625 0.1103515625 0.208984375
1 0.302734375 0.6923828125 0.111328125 0.2109375
1 0.18359375 0.7607421875 0.09765625 0.1923828125
1 0.5966796875 0.7978515625 0.1162109375 0.2294921875
1 0.388671875 0.0869140625 0.12890625 0.1728515625
1 0.4091796875 0.880859375 0.1240234375 0.236328125