0 0.3291015625 0.1884765625 0.0625 0.115234375
1 0.1357421875 0.2861328125 0.0771484375 0.1181640625
1 0.212890625 0.3349609375 0.060546875 0.115234375
1 0.3125 0.376953125 0.07421875 0.091796875
0 0.802734375 0.486328125 0.125 0.1923828125
1 0.697265625 0.5224609375 0.095703125 0.1728515625
1 0.400390625 0.544921875 0.083984375 0.1103515625
1 0.76953125 0.5576171875 0.123046875 0.19921875
1 0.5263671875 0.583984375 0.123046875 0.185546875
1 0.42578125 0.6923828125 0.091796875 0.154296875
0 0.6943359375 0.69921875 0.134765625 0.1943359375
0 0.1982421875 0.7763671875 0.0986328125 0.146484375
1 0.873046875 0.912109375 0.154296875 0.1708984375
1 0.1767578125 0.9130859375 0.1494140625 0.1708984375