1 0.8857421875 0.138671875 0.208984375 0.27734375
0 0.478515625 0.1689453125 0.2265625 0.3369140625
1 0.0947265625 0.1962890625 0.1435546875 0.234375
0 0.7021484375 0.228515625 0.189453125 0.3203125
1 0.857421875 0.4755859375 0.197265625 0.349609375
1 0.6123046875 0.51171875 0.2177734375 0.302734375
1 0.1181640625 0.5419921875 0.1435546875 0.2626953125
0 0.83984375 0.7998046875 0.1689453125 0.2412109375
1 0.4951171875 0.8037109375 0.154296875 0.3505859375
1 0.646484375 0.8359375 0.14453125 0.3232421875
1 0.3232421875 0.8447265625 0.177734375 0.294921875