0 0.1494140625 0.9326171875 0.1416015625 0.134765625
1 0.494140625 0.11328125 0.05078125 0.083984375
1 0.5537109375 0.1181640625 0.0556640625 0.083984375
1 0.5302734375 0.1650390625 0.0673828125 0.0791015625
0 0.0400390625 0.189453125 0.064453125 0.115234375
0 0.44921875 0.4326171875 0.125 0.1923828125
1 0.3349609375 0.48828125 0.095703125 0.1708984375
1 0.375 0.5361328125 0.1181640625 0.19921875
1 0.05078125 0.5634765625 0.091796875 0.1181640625
1 0.1474609375 0.6083984375 0.13671875 0.197265625
0 0.2822265625 0.685546875 0.1396484375 0.2138671875
1 0.4228515625 0.9169921875 0.154296875 0.1611328125