1 0.1376953125 0.169921875 0.12890625 0.234375
1 0.298828125 0.1767578125 0.1103515625 0.2236328125
1 0.6103515625 0.2236328125 0.115234375 0.236328125
1 0.21875 0.259765625 0.0986328125 0.2255859375
0 0.921875 0.3564453125 0.0791015625 0.166015625
0 0.6162109375 0.404296875 0.099609375 0.2294921875
1 0.271484375 0.4130859375 0.111328125 0.2041015625
1 0.8603515625 0.423828125 0.1142578125 0.2021484375
1 0.146484375 0.4765625 0.1103515625 0.2158203125
1 0.5712890625 0.5791015625 0.08984375 0.232421875
1 0.783203125 0.6201171875 0.1240234375 0.1728515625
1 0.3818359375 0.6416015625 0.1240234375 0.2041015625
1 0.6435546875 0.736328125 0.1220703125 0.2060546875
1 0.564453125 0.076171875 0.1015625 0.15234375
1 0.798828125 0.884765625 0.1162109375 0.2294921875
1 0.56640625 0.8916015625 0.1357421875 0.216796875