1 0.5615234375 0.1748046875 0.1044921875 0.16015625
1 0.2890625 0.224609375 0.1064453125 0.2041015625
1 0.4072265625 0.2705078125 0.1103515625 0.248046875
1 0.7041015625 0.330078125 0.09765625 0.2412109375
1 0.3115234375 0.375 0.1416015625 0.18359375
1 0.7958984375 0.4423828125 0.095703125 0.1630859375
1 0.51171875 0.5 0.130859375 0.1884765625
1 0.69140625 0.5625 0.107421875 0.20703125
1 0.7841796875 0.5751953125 0.099609375 0.1796875
0 0.236328125 0.5986328125 0.123046875 0.1767578125
0 0.400390625 0.7099609375 0.1171875 0.25
1 0.478515625 0.716796875 0.111328125 0.2763671875
0 0.7578125 0.7451171875 0.1357421875 0.26171875
1 0.2607421875 0.74609375 0.169921875 0.2021484375
1 0.4755859375 0.0869140625 0.0869140625 0.1640625
1 0.302734375 0.9013671875 0.134765625 0.1904296875
1 0.6650390625 0.90625 0.1162109375 0.1875