0 0.7724609375 0.1884765625 0.197265625 0.341796875
0 0.9521484375 0.23046875 0.095703125 0.326171875
1 0.6005859375 0.28515625 0.146484375 0.314453125
1 0.2138671875 0.45703125 0.19921875 0.326171875
1 0.7919921875 0.533203125 0.177734375 0.296875
0 0.94140625 0.533203125 0.107421875 0.2919921875
0 0.3349609375 0.69140625 0.1572265625 0.3134765625
1 0.6611328125 0.8095703125 0.1328125 0.349609375
0 0.9013671875 0.8154296875 0.1376953125 0.205078125
1 0.5048828125 0.8232421875 0.2177734375 0.3525390625
1 0.767578125 0.8369140625 0.1025390625 0.3125
1 0.1474609375 0.087890625 0.17578125 0.1748046875