1 0.4453125 0.162109375 0.16796875 0.205078125
1 0.2373046875 0.171875 0.1279296875 0.203125
0 0.580078125 0.236328125 0.138671875 0.169921875
1 0.931640625 0.302734375 0.13671875 0.1875
1 0.2998046875 0.3720703125 0.109375 0.1923828125
1 0.7529296875 0.517578125 0.1435546875 0.2236328125
1 0.6142578125 0.5791015625 0.126953125 0.2080078125
0 0.2353515625 0.681640625 0.189453125 0.3232421875
1 0.712890625 0.7158203125 0.134765625 0.21875
1 0.91015625 0.07421875 0.14453125 0.1484375
0 0.31640625 0.8857421875 0.1591796875 0.2275390625