0 0.662109375 0.1328125 0.1005859375 0.1533203125
1 0.5576171875 0.23828125 0.1025390625 0.205078125
1 0.42578125 0.25 0.126953125 0.2421875
1 0.685546875 0.29296875 0.1357421875 0.17578125
1 0.265625 0.34375 0.146484375 0.1455078125
1 0.34765625 0.4521484375 0.1318359375 0.263671875
1 0.4453125 0.484375 0.1044921875 0.2333984375
0 0.54296875 0.4892578125 0.0966796875 0.224609375
1 0.1669921875 0.5048828125 0.0966796875 0.2109375
0 0.25 0.5048828125 0.1123046875 0.2041015625
1 0.060546875 0.53515625 0.1044921875 0.1845703125
1 0.6962890625 0.5625 0.1142578125 0.2587890625
1 0.791015625 0.564453125 0.109375 0.236328125
0 0.6005859375 0.63671875 0.1220703125 0.2744140625
1 0.90625 0.6640625 0.1142578125 0.18359375
1 0.46875 0.0693359375 0.109375 0.1376953125
1 0.9482421875 0.8251953125 0.1025390625 0.185546875
1 0.7099609375 0.8681640625 0.1181640625 0.2197265625
0 0.4384765625 0.8740234375 0.1240234375 0.251953125