1 0.27734375 0.2099609375 0.16796875 0.2431640625
1 0.06640625 0.21875 0.1318359375 0.2236328125
0 0.43359375 0.2705078125 0.1513671875 0.1708984375
0 0.603515625 0.2763671875 0.1513671875 0.25
1 0.8037109375 0.2958984375 0.1318359375 0.1923828125
0 0.412109375 0.427734375 0.134765625 0.26171875
1 0.6103515625 0.529296875 0.14453125 0.228515625
0 0.46484375 0.6201171875 0.14453125 0.2568359375
0 0.576171875 0.7490234375 0.1396484375 0.248046875
0 0.095703125 0.765625 0.189453125 0.345703125
0 0.572265625 0.9228515625 0.16796875 0.1513671875