1 0.4287109375 0.13671875 0.1025390625 0.1923828125
1 0.4873046875 0.2314453125 0.1044921875 0.185546875
0 0.6826171875 0.248046875 0.142578125 0.171875
1 0.3896484375 0.34765625 0.0888671875 0.2001953125
0 0.2314453125 0.34765625 0.11328125 0.15234375
1 0.67578125 0.42578125 0.1044921875 0.181640625
0 0.3505859375 0.4462890625 0.1015625 0.2490234375
0 0.11328125 0.5810546875 0.103515625 0.158203125
1 0.591796875 0.599609375 0.091796875 0.21875
1 0.5068359375 0.6171875 0.0966796875 0.21484375
0 0.3798828125 0.6630859375 0.115234375 0.181640625
1 0.0556640625 0.685546875 0.1044921875 0.197265625
1 0.8154296875 0.0849609375 0.103515625 0.1591796875
1 0.3974609375 0.8564453125 0.1162109375 0.2001953125
1 0.060546875 0.919921875 0.1103515625 0.1591796875
1 0.162109375 0.9228515625 0.0927734375 0.142578125