1 0.5751953125 0.1484375 0.119140625 0.1875
1 0.251953125 0.1533203125 0.1494140625 0.2626953125
1 0.7529296875 0.1630859375 0.1337890625 0.1826171875
1 0.041015625 0.3701171875 0.08203125 0.287109375
1 0.3603515625 0.48046875 0.130859375 0.2900390625
1 0.1923828125 0.4912109375 0.1474609375 0.328125
1 0.8896484375 0.5537109375 0.1015625 0.1875
0 0.6162109375 0.59765625 0.162109375 0.28125
1 0.130859375 0.7822265625 0.1328125 0.2666015625
1 0.2607421875 0.806640625 0.1337890625 0.2763671875
0 0.677734375 0.8505859375 0.14453125 0.298828125
1 0.5068359375 0.8876953125 0.1376953125 0.2197265625