1 0.40625 0.16796875 0.16796875 0.205078125
1 0.2021484375 0.1689453125 0.1279296875 0.203125
0 0.5537109375 0.2255859375 0.138671875 0.185546875
1 0.9140625 0.29296875 0.1435546875 0.1923828125
1 0.2646484375 0.3642578125 0.109375 0.1923828125
1 0.712890625 0.5205078125 0.1435546875 0.2236328125
1 0.5791015625 0.5849609375 0.126953125 0.2080078125
0 0.197265625 0.6923828125 0.189453125 0.3232421875
1 0.68359375 0.7236328125 0.134765625 0.21875
1 0.892578125 0.07421875 0.14453125 0.1484375
0 0.279296875 0.8935546875 0.1591796875 0.2119140625