0 0.3349609375 0.1923828125 0.064453125 0.11328125
1 0.14453125 0.2861328125 0.0771484375 0.1181640625
1 0.2197265625 0.3349609375 0.060546875 0.115234375
1 0.31640625 0.376953125 0.07421875 0.091796875
0 0.8115234375 0.486328125 0.125 0.1923828125
1 0.7041015625 0.5224609375 0.095703125 0.1728515625
1 0.400390625 0.544921875 0.083984375 0.1103515625
1 0.775390625 0.5576171875 0.123046875 0.19921875
1 0.5322265625 0.5830078125 0.123046875 0.185546875
1 0.431640625 0.69140625 0.0888671875 0.154296875
0 0.69921875 0.69921875 0.1318359375 0.1943359375
0 0.203125 0.775390625 0.0986328125 0.146484375
1 0.8798828125 0.912109375 0.154296875 0.1708984375
1 0.1767578125 0.9130859375 0.1494140625 0.1708984375