1 0.736328125 0.9287109375 0.1298828125 0.1416015625
1 0.8408203125 0.931640625 0.1083984375 0.1357421875
1 0.3701171875 0.2353515625 0.0673828125 0.126953125
1 0.5126953125 0.4091796875 0.0927734375 0.16796875
1 0.3369140625 0.4140625 0.10546875 0.1240234375
0 0.318359375 0.486328125 0.1162109375 0.123046875
1 0.6005859375 0.529296875 0.1142578125 0.16796875
1 0.3271484375 0.603515625 0.125 0.197265625
1 0.4541015625 0.6484375 0.1142578125 0.263671875
1 0.8330078125 0.6728515625 0.09375 0.1552734375
1 0.515625 0.6982421875 0.0869140625 0.2275390625
1 0.755859375 0.7138671875 0.0966796875 0.2490234375
1 0.3583984375 0.76953125 0.154296875 0.16796875
1 0.845703125 0.7958984375 0.0849609375 0.1552734375
0 0.169921875 0.8681640625 0.1025390625 0.169921875
1 0.572265625 0.9033203125 0.138671875 0.193359375