1 0.396484375 0.2041015625 0.1435546875 0.2451171875
1 0.6669921875 0.2138671875 0.1103515625 0.169921875
1 0.8212890625 0.2353515625 0.1142578125 0.1669921875
1 0.1552734375 0.40234375 0.1318359375 0.279296875
1 0.4912109375 0.5087890625 0.1201171875 0.287109375
1 0.3427734375 0.51953125 0.1474609375 0.328125
1 0.939453125 0.5810546875 0.0986328125 0.1806640625
0 0.7236328125 0.5966796875 0.14453125 0.25390625
1 0.2900390625 0.7900390625 0.1220703125 0.2353515625
1 0.416015625 0.8134765625 0.1279296875 0.2705078125
0 0.78125 0.8486328125 0.1337890625 0.2841796875
1 0.6474609375 0.89453125 0.1142578125 0.20703125