1 0.6494140625 0.1552734375 0.1103515625 0.169921875
1 0.3525390625 0.158203125 0.1435546875 0.2451171875
1 0.8193359375 0.1845703125 0.1142578125 0.1669921875
1 0.0927734375 0.369140625 0.1318359375 0.279296875
1 0.443359375 0.4814453125 0.1201171875 0.287109375
1 0.28515625 0.486328125 0.1474609375 0.328125
1 0.943359375 0.5712890625 0.0986328125 0.1806640625
0 0.689453125 0.6015625 0.154296875 0.2607421875
1 0.2275390625 0.7666015625 0.1220703125 0.2353515625
1 0.3486328125 0.8037109375 0.1279296875 0.2705078125
0 0.75390625 0.8486328125 0.14453125 0.2841796875
1 0.6005859375 0.8876953125 0.115234375 0.224609375