1 0.2841796875 0.0966796875 0.2158203125 0.1923828125
1 0.0576171875 0.1474609375 0.115234375 0.294921875
1 0.80859375 0.189453125 0.1845703125 0.3544921875
1 0.5322265625 0.23046875 0.181640625 0.38671875
1 0.8779296875 0.326171875 0.154296875 0.337890625
1 0.5771484375 0.51171875 0.216796875 0.287109375
1 0.3955078125 0.525390625 0.2158203125 0.322265625
1 0.447265625 0.724609375 0.169921875 0.2958984375
1 0.958984375 0.7607421875 0.08203125 0.349609375
1 0.681640625 0.7939453125 0.1640625 0.412109375
1 0.8583984375 0.7998046875 0.162109375 0.359375