0 0.9130859375 0.1474609375 0.1708984375 0.294921875
1 0.091796875 0.154296875 0.162109375 0.236328125
0 0.572265625 0.1708984375 0.208984375 0.341796875
1 0.7568359375 0.25390625 0.1455078125 0.2734375
1 0.4736328125 0.2998046875 0.1240234375 0.2783203125
0 0.8896484375 0.47265625 0.1767578125 0.3046875
1 0.666015625 0.505859375 0.1982421875 0.2890625
1 0.126953125 0.5341796875 0.171875 0.279296875
0 0.861328125 0.7763671875 0.158203125 0.22265625
1 0.546875 0.7861328125 0.14453125 0.36328125
1 0.6787109375 0.8193359375 0.126953125 0.3046875
1 0.3759765625 0.8349609375 0.2138671875 0.330078125