0 0.41015625 0.203125 0.0625 0.115234375
1 0.2255859375 0.294921875 0.07421875 0.1181640625
1 0.306640625 0.33984375 0.0576171875 0.115234375
1 0.3994140625 0.38671875 0.07421875 0.091796875
0 0.8994140625 0.529296875 0.1298828125 0.2236328125
1 0.501953125 0.5517578125 0.083984375 0.095703125
1 0.798828125 0.552734375 0.095703125 0.1728515625
1 0.87890625 0.5888671875 0.123046875 0.19921875
1 0.6259765625 0.595703125 0.123046875 0.185546875
1 0.5302734375 0.69921875 0.091796875 0.154296875
0 0.8173828125 0.7080078125 0.134765625 0.1806640625
0 0.2880859375 0.7802734375 0.0986328125 0.146484375
1 0.298828125 0.9208984375 0.1513671875 0.154296875