0 0.341796875 0.19921875 0.064453125 0.11328125
1 0.15234375 0.2822265625 0.0771484375 0.1181640625
1 0.2275390625 0.33984375 0.060546875 0.115234375
1 0.3271484375 0.3759765625 0.07421875 0.091796875
0 0.8125 0.486328125 0.125 0.1923828125
1 0.716796875 0.5263671875 0.095703125 0.1728515625
1 0.416015625 0.5419921875 0.083984375 0.1103515625
1 0.791015625 0.55859375 0.123046875 0.19921875
1 0.5419921875 0.578125 0.123046875 0.185546875
1 0.4462890625 0.6923828125 0.0888671875 0.154296875
0 0.705078125 0.6982421875 0.134765625 0.1943359375
0 0.216796875 0.7744140625 0.0986328125 0.146484375
1 0.189453125 0.9130859375 0.146484375 0.1708984375
1 0.89453125 0.9169921875 0.158203125 0.1611328125