0 0.8056640625 0.1669921875 0.185546875 0.32421875
0 0.955078125 0.181640625 0.08984375 0.3154296875
1 0.6337890625 0.2685546875 0.146484375 0.314453125
1 0.255859375 0.458984375 0.19921875 0.326171875
0 0.94921875 0.4853515625 0.1015625 0.248046875
1 0.826171875 0.490234375 0.1533203125 0.2744140625
0 0.3681640625 0.6875 0.1748046875 0.3115234375
1 0.71484375 0.7607421875 0.1328125 0.349609375
0 0.9287109375 0.7705078125 0.1279296875 0.1962890625
1 0.818359375 0.794921875 0.0927734375 0.3017578125
1 0.5693359375 0.8154296875 0.2119140625 0.3525390625
1 0.173828125 0.0830078125 0.18359375 0.166015625