1 0.736328125 0.9287109375 0.1298828125 0.1416015625
1 0.8408203125 0.931640625 0.1083984375 0.1357421875
1 0.375 0.2353515625 0.076171875 0.126953125
1 0.3359375 0.427734375 0.10546875 0.1240234375
1 0.515625 0.4306640625 0.0927734375 0.16796875
0 0.318359375 0.486328125 0.1162109375 0.123046875
1 0.5986328125 0.548828125 0.1142578125 0.16796875
1 0.3291015625 0.61328125 0.125 0.2119140625
1 0.4619140625 0.6611328125 0.1142578125 0.263671875
1 0.8330078125 0.6728515625 0.09375 0.1552734375
1 0.755859375 0.7138671875 0.0966796875 0.2490234375
1 0.5185546875 0.71875 0.0869140625 0.2275390625
1 0.3603515625 0.779296875 0.154296875 0.171875
1 0.845703125 0.7958984375 0.0849609375 0.1552734375
0 0.169921875 0.8740234375 0.1025390625 0.169921875
1 0.572265625 0.9033203125 0.138671875 0.193359375