0 0.3681640625 0.1923828125 0.064453125 0.11328125
1 0.185546875 0.2861328125 0.0771484375 0.1181640625
1 0.26171875 0.3291015625 0.060546875 0.115234375
1 0.36328125 0.37890625 0.07421875 0.091796875
0 0.853515625 0.4912109375 0.125 0.1923828125
1 0.755859375 0.541015625 0.095703125 0.1728515625
1 0.451171875 0.544921875 0.083984375 0.1103515625
1 0.8291015625 0.580078125 0.123046875 0.19921875
1 0.57421875 0.5830078125 0.123046875 0.185546875
0 0.771484375 0.6875 0.1318359375 0.1943359375
1 0.4833984375 0.7021484375 0.091796875 0.154296875
0 0.2548828125 0.7724609375 0.0986328125 0.146484375
1 0.24609375 0.9130859375 0.146484375 0.1708984375