1 0.4765625 0.1328125 0.1162109375 0.1875
1 0.6318359375 0.17578125 0.1259765625 0.1904296875
0 0.1953125 0.232421875 0.146484375 0.181640625
1 0.736328125 0.240234375 0.111328125 0.1884765625
0 0.52734375 0.3037109375 0.1181640625 0.1875
1 0.4306640625 0.32421875 0.123046875 0.25390625
1 0.220703125 0.3662109375 0.18359375 0.2080078125
0 0.7041015625 0.3916015625 0.1279296875 0.2529296875
1 0.6240234375 0.5546875 0.1171875 0.205078125
1 0.2685546875 0.5556640625 0.123046875 0.2197265625
1 0.1962890625 0.669921875 0.1201171875 0.21875
0 0.3662109375 0.701171875 0.09765625 0.2255859375
1 0.6787109375 0.7294921875 0.11328125 0.2275390625
1 0.283203125 0.7578125 0.1005859375 0.19921875
1 0.755859375 0.078125 0.1025390625 0.1435546875
1 0.9404296875 0.88671875 0.0986328125 0.2255859375
1 0.3369140625 0.8916015625 0.111328125 0.2080078125
0 0.6767578125 0.91015625 0.115234375 0.1796875