0 0.3330078125 0.9326171875 0.1416015625 0.134765625
0 0.171875 0.1884765625 0.064453125 0.115234375
1 0.0419921875 0.3525390625 0.064453125 0.115234375
1 0.146484375 0.4013671875 0.07421875 0.10546875
0 0.5869140625 0.46484375 0.125 0.1923828125
1 0.4853515625 0.5068359375 0.095703125 0.1728515625
1 0.5224609375 0.541015625 0.1181640625 0.19921875
1 0.1962890625 0.5458984375 0.091796875 0.1181640625
1 0.3037109375 0.5771484375 0.13671875 0.197265625
0 0.4443359375 0.673828125 0.1396484375 0.2138671875
1 0.587890625 0.9169921875 0.1513671875 0.1611328125