1 0.1396484375 0.119140625 0.1513671875 0.228515625
1 0.310546875 0.125 0.2138671875 0.2412109375
1 0.8994140625 0.169921875 0.201171875 0.3359375
1 0.6171875 0.2197265625 0.1962890625 0.439453125
1 0.060546875 0.26171875 0.12109375 0.34765625
1 0.443359375 0.318359375 0.1875 0.28515625
1 0.6416015625 0.5439453125 0.1982421875 0.3193359375
1 0.4716796875 0.607421875 0.2216796875 0.3564453125
1 0.7978515625 0.7626953125 0.1806640625 0.4091796875
1 0.9560546875 0.7822265625 0.0869140625 0.3916015625
1 0.541015625 0.8056640625 0.19140625 0.337890625