1 0.556640625 0.1455078125 0.1044921875 0.1591796875
1 0.2890625 0.1982421875 0.1064453125 0.2041015625
1 0.4072265625 0.2236328125 0.1103515625 0.248046875
1 0.7001953125 0.2861328125 0.09765625 0.2412109375
1 0.3115234375 0.3388671875 0.1416015625 0.18359375
1 0.79296875 0.3916015625 0.095703125 0.1630859375
1 0.5107421875 0.4482421875 0.130859375 0.1884765625
1 0.6826171875 0.455078125 0.107421875 0.20703125
1 0.7802734375 0.5478515625 0.099609375 0.1796875
0 0.2236328125 0.576171875 0.123046875 0.1767578125
0 0.40234375 0.6357421875 0.1171875 0.25
1 0.474609375 0.6669921875 0.111328125 0.2763671875
1 0.2578125 0.7158203125 0.169921875 0.2021484375
0 0.7578125 0.73046875 0.1357421875 0.26171875
1 0.3037109375 0.88671875 0.134765625 0.2197265625
1 0.6650390625 0.90625 0.1162109375 0.1875