1 0.791015625 0.1630859375 0.212890625 0.326171875
1 0.060546875 0.21875 0.12109375 0.21484375
0 0.3759765625 0.2275390625 0.2060546875 0.3779296875
0 0.6142578125 0.2763671875 0.189453125 0.3203125
1 0.7705078125 0.537109375 0.197265625 0.349609375
1 0.515625 0.5537109375 0.2294921875 0.3125
1 0.0771484375 0.5625 0.1435546875 0.2626953125
1 0.4130859375 0.82421875 0.154296875 0.3505859375
0 0.765625 0.84375 0.1689453125 0.2412109375
1 0.5693359375 0.849609375 0.1494140625 0.294921875
1 0.2451171875 0.8525390625 0.177734375 0.294921875