0 0.419921875 0.9326171875 0.146484375 0.1298828125
0 0.21484375 0.189453125 0.064453125 0.115234375
1 0.0244140625 0.306640625 0.0478515625 0.1298828125
1 0.0849609375 0.34375 0.064453125 0.115234375
1 0.1865234375 0.38671875 0.07421875 0.10546875
0 0.6455078125 0.466796875 0.125 0.1923828125
1 0.5400390625 0.5087890625 0.095703125 0.1728515625
1 0.591796875 0.5419921875 0.1181640625 0.19921875
1 0.248046875 0.5419921875 0.083984375 0.1103515625
1 0.357421875 0.5771484375 0.123046875 0.185546875
0 0.51953125 0.666015625 0.134765625 0.1943359375
1 0.265625 0.6943359375 0.091796875 0.154296875
0 0.048828125 0.8076171875 0.09765625 0.146484375
1 0.669921875 0.9111328125 0.15625 0.1728515625