1 0.388671875 0.2041015625 0.1435546875 0.2451171875
1 0.662109375 0.2119140625 0.1103515625 0.169921875
1 0.81640625 0.2353515625 0.1142578125 0.1669921875
1 0.1435546875 0.40234375 0.1318359375 0.279296875
1 0.4853515625 0.5087890625 0.1201171875 0.287109375
1 0.3310546875 0.5224609375 0.1474609375 0.328125
1 0.9345703125 0.5810546875 0.0986328125 0.1806640625
0 0.71484375 0.611328125 0.14453125 0.25390625
1 0.28125 0.7841796875 0.1220703125 0.2353515625
1 0.4091796875 0.8134765625 0.1279296875 0.2705078125
0 0.7724609375 0.8564453125 0.1337890625 0.2841796875
1 0.6416015625 0.8916015625 0.1142578125 0.20703125