1 0.2431640625 0.1611328125 0.1279296875 0.203125
1 0.4521484375 0.162109375 0.16796875 0.205078125
0 0.591796875 0.228515625 0.138671875 0.169921875
1 0.9375 0.3046875 0.1240234375 0.1875
1 0.310546875 0.369140625 0.109375 0.1923828125
1 0.7529296875 0.517578125 0.1435546875 0.2236328125
1 0.052734375 0.5380859375 0.10546875 0.302734375
1 0.6142578125 0.5791015625 0.126953125 0.2080078125
0 0.2392578125 0.681640625 0.189453125 0.3232421875
1 0.7265625 0.712890625 0.134765625 0.21875
1 0.927734375 0.07421875 0.14453125 0.1484375
0 0.32421875 0.8857421875 0.1591796875 0.2275390625