1 0.4052734375 0.927734375 0.142578125 0.14453125
1 0.498046875 0.1337890625 0.142578125 0.2255859375
0 0.75 0.1337890625 0.1787109375 0.2333984375
1 0.375 0.291015625 0.12109375 0.24609375
0 0.1435546875 0.3037109375 0.1435546875 0.205078125
1 0.755859375 0.3828125 0.134765625 0.2236328125
0 0.314453125 0.451171875 0.1318359375 0.3212890625
1 0.646484375 0.6279296875 0.1103515625 0.2548828125
1 0.533203125 0.650390625 0.134765625 0.2841796875
0 0.3642578125 0.72265625 0.1455078125 0.2021484375
1 0.4150390625 0.0732421875 0.140625 0.146484375