1 0.4658203125 0.1484375 0.119140625 0.1875
1 0.6494140625 0.1552734375 0.1494140625 0.1923828125
1 0.115234375 0.1884765625 0.1494140625 0.2626953125
1 0.92578125 0.5087890625 0.1201171875 0.2255859375
1 0.2236328125 0.515625 0.134765625 0.302734375
1 0.0693359375 0.544921875 0.138671875 0.3203125
1 0.8076171875 0.5556640625 0.107421875 0.216796875
0 0.486328125 0.62890625 0.1787109375 0.3046875
1 0.9150390625 0.6962890625 0.126953125 0.201171875
1 0.12109375 0.8544921875 0.140625 0.291015625
0 0.5556640625 0.857421875 0.14453125 0.2841796875
1 0.37890625 0.91015625 0.140625 0.1796875