1 0.1474609375 0.9296875 0.0927734375 0.1396484375
1 0.4189453125 0.1240234375 0.1142578125 0.2158203125
1 0.4814453125 0.2138671875 0.107421875 0.2158203125
0 0.6767578125 0.234375 0.1396484375 0.203125
1 0.3740234375 0.330078125 0.0986328125 0.21875
0 0.224609375 0.333984375 0.12109375 0.166015625
1 0.6865234375 0.423828125 0.10546875 0.197265625
0 0.33203125 0.4306640625 0.1142578125 0.294921875
0 0.0927734375 0.6025390625 0.1044921875 0.189453125
1 0.5966796875 0.6044921875 0.099609375 0.2265625
1 0.5009765625 0.626953125 0.1083984375 0.2421875
0 0.37109375 0.669921875 0.130859375 0.1962890625
1 0.0439453125 0.7138671875 0.087890625 0.20703125
1 0.8154296875 0.0849609375 0.103515625 0.1591796875
1 0.392578125 0.8779296875 0.134765625 0.203125
1 0.048828125 0.9228515625 0.0966796875 0.1533203125