1 0.431640625 0.162109375 0.16796875 0.205078125
1 0.2265625 0.1689453125 0.1279296875 0.203125
0 0.5693359375 0.2431640625 0.138671875 0.169921875
1 0.931640625 0.302734375 0.13671875 0.1875
1 0.28515625 0.3720703125 0.109375 0.1923828125
1 0.7431640625 0.517578125 0.1435546875 0.2236328125
1 0.5966796875 0.587890625 0.126953125 0.2080078125
0 0.2294921875 0.6787109375 0.189453125 0.3232421875
1 0.7041015625 0.7158203125 0.134765625 0.21875
1 0.91015625 0.07421875 0.14453125 0.1484375
0 0.3017578125 0.8857421875 0.1591796875 0.2275390625