1 0.1298828125 0.09375 0.1767578125 0.1875
0 0.736328125 0.18359375 0.197265625 0.341796875
0 0.9482421875 0.2265625 0.103515625 0.3232421875
1 0.5849609375 0.28515625 0.146484375 0.314453125
1 0.19140625 0.466796875 0.19921875 0.326171875
1 0.767578125 0.5361328125 0.1767578125 0.2783203125
0 0.9306640625 0.5380859375 0.1298828125 0.28125
0 0.326171875 0.6865234375 0.1572265625 0.3134765625
1 0.6376953125 0.8046875 0.13671875 0.3447265625
0 0.8994140625 0.8134765625 0.1376953125 0.205078125
1 0.484375 0.8193359375 0.2265625 0.361328125
1 0.75390625 0.8369140625 0.1044921875 0.3125