1 0.1630859375 0.9267578125 0.146484375 0.146484375
1 0.2822265625 0.1455078125 0.1279296875 0.203125
1 0.4853515625 0.158203125 0.1591796875 0.20703125
0 0.6162109375 0.2412109375 0.138671875 0.169921875
1 0.951171875 0.30078125 0.09765625 0.173828125
1 0.3466796875 0.349609375 0.0966796875 0.201171875
1 0.7841796875 0.5205078125 0.1435546875 0.2236328125
1 0.0546875 0.537109375 0.109375 0.2998046875
1 0.6513671875 0.5791015625 0.126953125 0.2080078125
0 0.2802734375 0.6640625 0.19921875 0.328125
1 0.75 0.712890625 0.134765625 0.21875
1 0.9443359375 0.0771484375 0.1103515625 0.1533203125
0 0.3544921875 0.876953125 0.1591796875 0.2451171875