1 0.4072265625 0.2041015625 0.1435546875 0.2451171875
1 0.677734375 0.224609375 0.1103515625 0.1689453125
1 0.8291015625 0.23828125 0.1142578125 0.1669921875
1 0.1640625 0.40234375 0.1318359375 0.279296875
1 0.5 0.5078125 0.1201171875 0.287109375
1 0.3525390625 0.5146484375 0.1474609375 0.328125
1 0.943359375 0.587890625 0.0888671875 0.18359375
0 0.7333984375 0.611328125 0.14453125 0.25390625
1 0.2958984375 0.79296875 0.1220703125 0.2353515625
1 0.421875 0.8134765625 0.1279296875 0.2705078125
0 0.787109375 0.8486328125 0.1337890625 0.2841796875
1 0.654296875 0.89453125 0.1142578125 0.20703125