1 0.806640625 0.107421875 0.09375 0.169921875
1 0.474609375 0.1552734375 0.08984375 0.1669921875
1 0.5283203125 0.232421875 0.0869140625 0.1416015625
0 0.6806640625 0.25 0.1396484375 0.15625
0 0.1162109375 0.2734375 0.0869140625 0.1279296875
0 0.3017578125 0.3193359375 0.1083984375 0.1474609375
0 0.392578125 0.4130859375 0.095703125 0.2392578125
1 0.673828125 0.4140625 0.103515625 0.1640625
0 0.197265625 0.5244140625 0.08984375 0.1435546875
1 0.6025390625 0.5634765625 0.0751953125 0.1982421875
1 0.533203125 0.5703125 0.0869140625 0.1962890625
0 0.421875 0.599609375 0.099609375 0.158203125
1 0.1357421875 0.6044921875 0.107421875 0.1640625
1 0.435546875 0.7705078125 0.095703125 0.181640625
1 0.1474609375 0.8125 0.095703125 0.1640625
1 0.2294921875 0.84375 0.08203125 0.1943359375
0 0.7353515625 0.087890625 0.0869140625 0.15234375
0 0.3115234375 0.8759765625 0.0888671875 0.1962890625
1 0.7509765625 0.900390625 0.08984375 0.1474609375
0 0.5009765625 0.908203125 0.126953125 0.158203125