1 0.736328125 0.9287109375 0.1298828125 0.1416015625
1 0.8408203125 0.931640625 0.1083984375 0.1357421875
1 0.037109375 0.9365234375 0.0673828125 0.126953125
1 0.271484375 0.947265625 0.12109375 0.10546875
1 0.3359375 0.400390625 0.10546875 0.1240234375
1 0.5185546875 0.4052734375 0.0859375 0.16796875
0 0.318359375 0.4794921875 0.1162109375 0.123046875
1 0.6005859375 0.529296875 0.1142578125 0.16796875
1 0.3271484375 0.5908203125 0.125 0.197265625
1 0.4541015625 0.6240234375 0.1142578125 0.263671875
1 0.828125 0.6591796875 0.09375 0.1552734375
1 0.755859375 0.7138671875 0.0966796875 0.2490234375
1 0.3486328125 0.75390625 0.154296875 0.16796875
1 0.8447265625 0.78515625 0.0849609375 0.1552734375
0 0.1689453125 0.83984375 0.1025390625 0.169921875
1 0.572265625 0.8935546875 0.138671875 0.193359375