0 0.130859375 0.9326171875 0.1416015625 0.134765625
1 0.4833984375 0.1103515625 0.05078125 0.08203125
1 0.5458984375 0.1181640625 0.0556640625 0.083984375
1 0.521484375 0.162109375 0.0673828125 0.0791015625
0 0.02734375 0.1884765625 0.0546875 0.115234375
0 0.4306640625 0.4384765625 0.125 0.1923828125
1 0.3134765625 0.4912109375 0.09375 0.1728515625
1 0.34765625 0.544921875 0.1181640625 0.19921875
1 0.0458984375 0.568359375 0.091796875 0.123046875
1 0.126953125 0.61328125 0.13671875 0.197265625
0 0.2666015625 0.68359375 0.1396484375 0.2138671875
1 0.404296875 0.9169921875 0.154296875 0.1611328125