1 0.4365234375 0.154296875 0.0947265625 0.185546875
1 0.4873046875 0.2314453125 0.1044921875 0.185546875
0 0.6826171875 0.248046875 0.142578125 0.171875
0 0.2392578125 0.33984375 0.11328125 0.15234375
1 0.400390625 0.34375 0.0830078125 0.1923828125
1 0.67578125 0.42578125 0.1044921875 0.181640625
0 0.3505859375 0.4462890625 0.1015625 0.2490234375
0 0.126953125 0.5732421875 0.103515625 0.158203125
1 0.591796875 0.599609375 0.091796875 0.21875
1 0.50390625 0.6103515625 0.0966796875 0.21484375
0 0.3837890625 0.6513671875 0.1123046875 0.1630859375
1 0.056640625 0.662109375 0.1103515625 0.197265625
1 0.8154296875 0.0849609375 0.103515625 0.1591796875
1 0.396484375 0.8486328125 0.1162109375 0.2001953125
1 0.162109375 0.9189453125 0.09765625 0.162109375
1 0.0625 0.919921875 0.11328125 0.1591796875