0 0.26171875 0.1962890625 0.064453125 0.115234375
1 0.068359375 0.30859375 0.0771484375 0.1181640625
1 0.1513671875 0.3447265625 0.060546875 0.115234375
1 0.24609375 0.40234375 0.07421875 0.10546875
0 0.7275390625 0.46484375 0.125 0.1923828125
1 0.6259765625 0.51171875 0.095703125 0.1728515625
1 0.328125 0.5419921875 0.083984375 0.1103515625
1 0.6875 0.546875 0.123046875 0.19921875
1 0.4443359375 0.578125 0.123046875 0.185546875
0 0.599609375 0.669921875 0.1318359375 0.1943359375
1 0.3349609375 0.69921875 0.0888671875 0.154296875
0 0.1201171875 0.80859375 0.0986328125 0.146484375
1 0.7822265625 0.908203125 0.154296875 0.17578125
1 0.080078125 0.916015625 0.1318359375 0.16796875