1 0.4912109375 0.162109375 0.0830078125 0.1640625
1 0.56640625 0.275390625 0.1064453125 0.162109375
1 0.3017578125 0.3095703125 0.1220703125 0.1962890625
1 0.4228515625 0.3388671875 0.1025390625 0.244140625
1 0.71484375 0.416015625 0.0966796875 0.240234375
1 0.3291015625 0.46875 0.1376953125 0.154296875
1 0.8095703125 0.5126953125 0.0986328125 0.146484375
1 0.5341796875 0.5947265625 0.12890625 0.2021484375
0 0.1455078125 0.595703125 0.087890625 0.16015625
1 0.705078125 0.6611328125 0.1015625 0.1796875
1 0.7978515625 0.6708984375 0.1025390625 0.1611328125
0 0.244140625 0.6865234375 0.1298828125 0.16796875
0 0.5849609375 0.7646484375 0.1357421875 0.1875
0 0.41015625 0.7890625 0.1015625 0.2763671875
1 0.4951171875 0.8037109375 0.115234375 0.2626953125
1 0.2763671875 0.845703125 0.1591796875 0.216796875
0 0.7705078125 0.85546875 0.1337890625 0.236328125