1 0.8203125 0.15234375 0.2138671875 0.30078125
0 0.41015625 0.2021484375 0.2265625 0.357421875
1 0.0712890625 0.2109375 0.142578125 0.234375
0 0.6416015625 0.26953125 0.189453125 0.3203125
1 0.8037109375 0.521484375 0.197265625 0.349609375
1 0.0908203125 0.546875 0.1435546875 0.2626953125
1 0.55078125 0.5478515625 0.2294921875 0.3125
1 0.4375 0.82421875 0.154296875 0.3505859375
1 0.587890625 0.837890625 0.14453125 0.32421875
0 0.7861328125 0.8408203125 0.1689453125 0.2412109375
1 0.2685546875 0.8525390625 0.177734375 0.294921875