0 0.7822265625 0.1865234375 0.197265625 0.341796875
0 0.955078125 0.22265625 0.08984375 0.3154296875
1 0.6181640625 0.2685546875 0.146484375 0.314453125
1 0.224609375 0.4521484375 0.19921875 0.326171875
1 0.7919921875 0.5224609375 0.177734375 0.296875
0 0.94140625 0.533203125 0.107421875 0.2919921875
0 0.3466796875 0.68359375 0.1572265625 0.3134765625
1 0.6787109375 0.7998046875 0.1328125 0.349609375
0 0.91796875 0.80859375 0.1376953125 0.205078125
1 0.5234375 0.8154296875 0.2119140625 0.3525390625
1 0.7841796875 0.8310546875 0.1005859375 0.3017578125
1 0.1611328125 0.087890625 0.17578125 0.1748046875