0 0.74609375 0.181640625 0.197265625 0.341796875
0 0.9521484375 0.23046875 0.095703125 0.326171875
1 0.6005859375 0.28515625 0.146484375 0.314453125
1 0.1943359375 0.4619140625 0.19921875 0.326171875
1 0.7705078125 0.5224609375 0.1806640625 0.3076171875
0 0.9306640625 0.5380859375 0.1298828125 0.28125
0 0.328125 0.68359375 0.1572265625 0.3134765625
1 0.646484375 0.8125 0.13671875 0.3447265625
0 0.8994140625 0.8134765625 0.1376953125 0.205078125
1 0.490234375 0.8193359375 0.2265625 0.361328125
1 0.75390625 0.8369140625 0.1044921875 0.3125
1 0.13671875 0.087890625 0.17578125 0.1748046875