0 0.3974609375 0.1923828125 0.064453125 0.11328125
1 0.20703125 0.2861328125 0.0771484375 0.1181640625
1 0.28125 0.3291015625 0.0576171875 0.115234375
1 0.3798828125 0.376953125 0.07421875 0.091796875
0 0.876953125 0.51953125 0.1298828125 0.2236328125
1 0.7724609375 0.5361328125 0.095703125 0.1728515625
1 0.47265625 0.55078125 0.083984375 0.1103515625
1 0.845703125 0.583984375 0.123046875 0.19921875
1 0.599609375 0.59375 0.123046875 0.185546875
0 0.7900390625 0.6923828125 0.134765625 0.197265625
1 0.50390625 0.7021484375 0.091796875 0.154296875
0 0.2705078125 0.775390625 0.0986328125 0.146484375
1 0.259765625 0.9130859375 0.146484375 0.1708984375