0 0.30078125 0.931640625 0.1396484375 0.134765625
0 0.1611328125 0.189453125 0.0625 0.115234375
1 0.02734375 0.3525390625 0.052734375 0.115234375
1 0.1181640625 0.392578125 0.07421875 0.10546875
0 0.568359375 0.4599609375 0.125 0.1923828125
1 0.453125 0.509765625 0.095703125 0.1728515625
1 0.498046875 0.5400390625 0.1181640625 0.19921875
1 0.16796875 0.552734375 0.091796875 0.1181640625
1 0.271484375 0.587890625 0.13671875 0.197265625
0 0.4130859375 0.685546875 0.1396484375 0.2138671875
1 0.5625 0.9169921875 0.154296875 0.1611328125