1 0.6689453125 0.123046875 0.15234375 0.2451171875
1 0.5205078125 0.125 0.1572265625 0.2431640625
1 0.09765625 0.15625 0.193359375 0.3037109375
1 0.82421875 0.298828125 0.1533203125 0.3701171875
1 0.2080078125 0.3837890625 0.2421875 0.287109375
1 0.0595703125 0.4501953125 0.1171875 0.2978515625
1 0.697265625 0.5478515625 0.16796875 0.3779296875
1 0.55859375 0.603515625 0.171875 0.359375
1 0.1220703125 0.6279296875 0.1953125 0.3056640625
1 0.3544921875 0.6298828125 0.169921875 0.412109375
1 0.3955078125 0.0791015625 0.1884765625 0.1572265625