0 0.484375 0.9296875 0.1279296875 0.140625
1 0.7939453125 0.10546875 0.09375 0.169921875
1 0.44921875 0.1494140625 0.0908203125 0.1796875
1 0.4970703125 0.244140625 0.0947265625 0.1650390625
0 0.673828125 0.255859375 0.142578125 0.171875
0 0.0771484375 0.2880859375 0.0869140625 0.1279296875
0 0.259765625 0.34765625 0.1083984375 0.1474609375
0 0.375 0.4228515625 0.095703125 0.2392578125
1 0.6689453125 0.4296875 0.103515625 0.1640625
0 0.1640625 0.5458984375 0.08984375 0.1435546875
1 0.5947265625 0.58203125 0.0751953125 0.2041015625
1 0.5166015625 0.5830078125 0.0869140625 0.1962890625
0 0.404296875 0.6123046875 0.099609375 0.158203125
1 0.1015625 0.625 0.107421875 0.169921875
1 0.4169921875 0.794921875 0.095703125 0.181640625
1 0.1123046875 0.845703125 0.095703125 0.1640625
0 0.7265625 0.0859375 0.0908203125 0.1552734375
1 0.203125 0.8779296875 0.0888671875 0.19140625
0 0.2822265625 0.9013671875 0.0888671875 0.1962890625
1 0.75390625 0.91796875 0.10546875 0.150390625