1 0.826171875 0.15625 0.107421875 0.234375
0 0.580078125 0.162109375 0.1083984375 0.2021484375
1 0.236328125 0.1806640625 0.1083984375 0.189453125
1 0.1171875 0.255859375 0.103515625 0.19140625
1 0.533203125 0.3232421875 0.107421875 0.2236328125
1 0.3486328125 0.396484375 0.1279296875 0.197265625
1 0.6044921875 0.4775390625 0.1181640625 0.2041015625
1 0.775390625 0.654296875 0.111328125 0.2001953125
1 0.55078125 0.673828125 0.1396484375 0.2255859375
1 0.65625 0.7646484375 0.140625 0.2021484375
1 0.31640625 0.80078125 0.1650390625 0.2568359375
1 0.4931640625 0.9169921875 0.146484375 0.166015625