1 0.7939453125 0.10546875 0.09375 0.169921875
1 0.4580078125 0.1533203125 0.0908203125 0.1796875
1 0.5078125 0.2373046875 0.0947265625 0.1650390625
0 0.6806640625 0.2529296875 0.1396484375 0.15625
0 0.0849609375 0.2880859375 0.0869140625 0.1279296875
0 0.283203125 0.3291015625 0.1083984375 0.1474609375
0 0.38671875 0.416015625 0.095703125 0.2392578125
1 0.6689453125 0.4296875 0.103515625 0.1640625
0 0.173828125 0.5361328125 0.08984375 0.1435546875
1 0.5947265625 0.58203125 0.0751953125 0.2041015625
1 0.5166015625 0.5830078125 0.0869140625 0.1962890625
0 0.404296875 0.6123046875 0.099609375 0.158203125
1 0.115234375 0.625 0.107421875 0.169921875
1 0.4208984375 0.791015625 0.095703125 0.181640625
1 0.1201171875 0.83984375 0.095703125 0.1640625
1 0.208984375 0.857421875 0.0888671875 0.19140625
0 0.7265625 0.0859375 0.0908203125 0.1552734375
0 0.2939453125 0.8935546875 0.0888671875 0.1962890625
1 0.740234375 0.90234375 0.091796875 0.1396484375
0 0.494140625 0.91796875 0.1318359375 0.1640625