1 0.224609375 0.21484375 0.16796875 0.2431640625
1 0.041015625 0.240234375 0.08203125 0.25
0 0.384765625 0.275390625 0.1513671875 0.1708984375
0 0.556640625 0.2822265625 0.1513671875 0.25
1 0.7744140625 0.296875 0.1396484375 0.19921875
0 0.349609375 0.4326171875 0.13671875 0.26171875
1 0.5693359375 0.53125 0.14453125 0.228515625
0 0.421875 0.6318359375 0.14453125 0.2568359375
0 0.53515625 0.755859375 0.1396484375 0.248046875
0 0.060546875 0.798828125 0.1201171875 0.376953125
0 0.52734375 0.9228515625 0.16796875 0.1513671875