0 0.7822265625 0.1865234375 0.197265625 0.341796875
0 0.955078125 0.22265625 0.08984375 0.3154296875
1 0.6337890625 0.2685546875 0.146484375 0.314453125
1 0.2333984375 0.44921875 0.19921875 0.326171875
0 0.9462890625 0.517578125 0.107421875 0.28125
1 0.80859375 0.521484375 0.162109375 0.2685546875
0 0.3544921875 0.6884765625 0.1572265625 0.3134765625
0 0.923828125 0.798828125 0.1376953125 0.19140625
1 0.685546875 0.7998046875 0.1328125 0.349609375
1 0.5302734375 0.810546875 0.2119140625 0.3525390625
1 0.7900390625 0.8291015625 0.0927734375 0.3017578125
1 0.1611328125 0.0830078125 0.169921875 0.166015625