1 0.3701171875 0.185546875 0.1435546875 0.2451171875
1 0.6669921875 0.201171875 0.1103515625 0.169921875
1 0.8251953125 0.2197265625 0.1142578125 0.1669921875
1 0.1259765625 0.3828125 0.1318359375 0.279296875
1 0.4736328125 0.49609375 0.1201171875 0.287109375
1 0.3115234375 0.5087890625 0.1474609375 0.328125
1 0.9462890625 0.5810546875 0.0986328125 0.1806640625
0 0.71484375 0.611328125 0.14453125 0.25390625
1 0.2646484375 0.7763671875 0.1220703125 0.2353515625
1 0.384765625 0.80859375 0.1279296875 0.2705078125
0 0.7705078125 0.8564453125 0.1337890625 0.2841796875
1 0.6298828125 0.896484375 0.1142578125 0.20703125