0 0.26171875 0.1962890625 0.064453125 0.115234375
1 0.0576171875 0.30859375 0.0771484375 0.1181640625
1 0.140625 0.3486328125 0.060546875 0.115234375
1 0.244140625 0.3955078125 0.07421875 0.10546875
0 0.705078125 0.4638671875 0.125 0.1923828125
1 0.607421875 0.509765625 0.095703125 0.1728515625
1 0.6630859375 0.541015625 0.1181640625 0.19921875
1 0.3076171875 0.5419921875 0.083984375 0.1103515625
1 0.4326171875 0.5732421875 0.123046875 0.185546875
0 0.59375 0.669921875 0.1318359375 0.1943359375
1 0.33203125 0.697265625 0.091796875 0.154296875
0 0.1181640625 0.80859375 0.0986328125 0.146484375
1 0.751953125 0.9111328125 0.154296875 0.1728515625
1 0.0673828125 0.921875 0.134765625 0.154296875