1 0.3759765625 0.1865234375 0.083984375 0.1162109375
1 0.5087890625 0.359375 0.09765625 0.1806640625
1 0.3388671875 0.3603515625 0.1025390625 0.1162109375
0 0.3154296875 0.4345703125 0.12890625 0.126953125
1 0.6064453125 0.478515625 0.1064453125 0.1533203125
1 0.3330078125 0.537109375 0.1220703125 0.1962890625
1 0.4560546875 0.591796875 0.1025390625 0.294921875
1 0.828125 0.619140625 0.087890625 0.181640625
1 0.509765625 0.6484375 0.0908203125 0.22265625
1 0.7529296875 0.67578125 0.0966796875 0.240234375
1 0.0634765625 0.6953125 0.08203125 0.11328125
1 0.3525390625 0.6982421875 0.1376953125 0.185546875
1 0.83984375 0.7353515625 0.0986328125 0.1611328125
0 0.166015625 0.787109375 0.1015625 0.1669921875
1 0.953125 0.8447265625 0.0927734375 0.197265625
1 0.5771484375 0.8505859375 0.12890625 0.2021484375
1 0.8330078125 0.9052734375 0.1123046875 0.189453125
1 0.73828125 0.90625 0.1103515625 0.181640625
1 0.04296875 0.91015625 0.083984375 0.15625
0 0.2841796875 0.9169921875 0.1513671875 0.1630859375