1 0.4169921875 0.16796875 0.16796875 0.205078125
1 0.212890625 0.1689453125 0.1279296875 0.203125
0 0.564453125 0.2333984375 0.138671875 0.185546875
1 0.9208984375 0.29296875 0.1435546875 0.1923828125
1 0.2763671875 0.369140625 0.109375 0.1923828125
1 0.732421875 0.517578125 0.1435546875 0.2236328125
1 0.58984375 0.5791015625 0.126953125 0.2080078125
0 0.208984375 0.6923828125 0.189453125 0.3232421875
1 0.693359375 0.7216796875 0.134765625 0.21875
1 0.904296875 0.07421875 0.14453125 0.1484375
0 0.291015625 0.8935546875 0.1591796875 0.2119140625