1 0.521484375 0.1484375 0.119140625 0.1875
1 0.7001953125 0.1552734375 0.138671875 0.1875
1 0.181640625 0.1787109375 0.1494140625 0.2626953125
1 0.29296875 0.4873046875 0.130859375 0.2900390625
1 0.9521484375 0.50390625 0.095703125 0.1953125
1 0.12890625 0.5263671875 0.158203125 0.326171875
1 0.8564453125 0.548828125 0.1015625 0.1875
0 0.548828125 0.6083984375 0.1689453125 0.2841796875
1 0.9423828125 0.689453125 0.1083984375 0.201171875
1 0.0703125 0.8095703125 0.1220703125 0.2744140625
1 0.193359375 0.833984375 0.1435546875 0.291015625
0 0.6201171875 0.8505859375 0.14453125 0.298828125
1 0.44921875 0.896484375 0.12890625 0.20703125