0 0.384765625 0.9326171875 0.1416015625 0.134765625
0 0.203125 0.189453125 0.064453125 0.115234375
1 0.07421875 0.33984375 0.064453125 0.115234375
1 0.1728515625 0.38671875 0.07421875 0.10546875
0 0.6298828125 0.4599609375 0.125 0.1923828125
1 0.5224609375 0.5048828125 0.095703125 0.1728515625
1 0.23828125 0.5419921875 0.083984375 0.1103515625
1 0.5693359375 0.544921875 0.1181640625 0.19921875
1 0.341796875 0.578125 0.1318359375 0.189453125
0 0.4931640625 0.666015625 0.134765625 0.1943359375
1 0.64453125 0.9111328125 0.154296875 0.1728515625