0 0.375 0.189453125 0.064453125 0.115234375
1 0.189453125 0.2861328125 0.0771484375 0.1181640625
1 0.267578125 0.3291015625 0.0576171875 0.115234375
1 0.369140625 0.3740234375 0.07421875 0.091796875
0 0.8583984375 0.49609375 0.125 0.1923828125
1 0.759765625 0.541015625 0.095703125 0.1728515625
1 0.45703125 0.544921875 0.083984375 0.1103515625
1 0.8291015625 0.580078125 0.123046875 0.19921875
1 0.5849609375 0.59375 0.123046875 0.185546875
0 0.77734375 0.6943359375 0.1318359375 0.197265625
1 0.490234375 0.7021484375 0.0888671875 0.154296875
0 0.2548828125 0.7724609375 0.0986328125 0.146484375
1 0.24609375 0.9130859375 0.146484375 0.1708984375