1 0.1201171875 0.0986328125 0.173828125 0.197265625
0 0.7275390625 0.18359375 0.197265625 0.341796875
0 0.9443359375 0.2265625 0.1103515625 0.3173828125
1 0.580078125 0.2822265625 0.146484375 0.314453125
1 0.1806640625 0.48046875 0.2041015625 0.3203125
1 0.759765625 0.52734375 0.185546875 0.3017578125
0 0.927734375 0.529296875 0.1337890625 0.2783203125
0 0.306640625 0.7080078125 0.1396484375 0.3212890625
1 0.634765625 0.8046875 0.13671875 0.3447265625
0 0.888671875 0.8212890625 0.1376953125 0.205078125
1 0.478515625 0.8349609375 0.2265625 0.3251953125
1 0.7509765625 0.84375 0.1044921875 0.3125