1 0.09765625 0.1142578125 0.17578125 0.228515625
0 0.9345703125 0.16796875 0.1279296875 0.328125
0 0.6318359375 0.1708984375 0.208984375 0.341796875
1 0.7978515625 0.2744140625 0.134765625 0.267578125
1 0.5078125 0.294921875 0.1240234375 0.2783203125
0 0.9169921875 0.4921875 0.1484375 0.28125
1 0.708984375 0.49609375 0.1982421875 0.2890625
1 0.150390625 0.50390625 0.1806640625 0.28125
0 0.279296875 0.705078125 0.125 0.30078125
0 0.884765625 0.7822265625 0.158203125 0.2197265625
1 0.5771484375 0.7880859375 0.14453125 0.36328125
1 0.712890625 0.8154296875 0.1259765625 0.3017578125
1 0.4091796875 0.8349609375 0.2265625 0.3251953125