1 0.849609375 0.1455078125 0.2158203125 0.279296875
0 0.4453125 0.19140625 0.2265625 0.357421875
1 0.0859375 0.1962890625 0.1435546875 0.234375
0 0.662109375 0.2587890625 0.189453125 0.3203125
1 0.833984375 0.48828125 0.197265625 0.349609375
1 0.5693359375 0.525390625 0.2177734375 0.302734375
1 0.1103515625 0.546875 0.1435546875 0.2626953125
1 0.4560546875 0.8095703125 0.154296875 0.3505859375
0 0.833984375 0.818359375 0.1689453125 0.2412109375
1 0.609375 0.837890625 0.14453125 0.32421875
1 0.287109375 0.8525390625 0.177734375 0.294921875