1 0.396484375 0.1416015625 0.123046875 0.2119140625
0 0.4990234375 0.1513671875 0.1181640625 0.1630859375
0 0.681640625 0.21484375 0.1279296875 0.244140625
1 0.185546875 0.2216796875 0.18359375 0.1962890625
1 0.25390625 0.3935546875 0.123046875 0.2197265625
1 0.5927734375 0.3955078125 0.1123046875 0.1904296875
0 0.3427734375 0.5263671875 0.09765625 0.2255859375
1 0.1787109375 0.5263671875 0.1201171875 0.21875
1 0.65234375 0.57421875 0.11328125 0.2275390625
1 0.263671875 0.5771484375 0.1005859375 0.1953125
0 0.9482421875 0.646484375 0.1025390625 0.16015625
0 0.654296875 0.73828125 0.1103515625 0.208984375
1 0.7177734375 0.076171875 0.1240234375 0.1513671875
1 0.3095703125 0.7783203125 0.111328125 0.2109375
1 0.904296875 0.78125 0.0986328125 0.2255859375
1 0.189453125 0.845703125 0.1142578125 0.1923828125
0 0.162109375 0.087890625 0.09765625 0.1748046875
1 0.6083984375 0.884765625 0.1162109375 0.2294921875