1 0.4404296875 0.1982421875 0.1435546875 0.2451171875
1 0.6982421875 0.22265625 0.103515625 0.15625
1 0.84375 0.2490234375 0.11328125 0.15625
1 0.20703125 0.3974609375 0.1318359375 0.279296875
1 0.5322265625 0.486328125 0.115234375 0.287109375
1 0.384765625 0.5146484375 0.1474609375 0.328125
1 0.958984375 0.5927734375 0.08203125 0.18359375
0 0.7666015625 0.6142578125 0.14453125 0.25390625
1 0.3349609375 0.802734375 0.1220703125 0.2353515625
1 0.458984375 0.8037109375 0.1279296875 0.2705078125
0 0.8154296875 0.8544921875 0.1279296875 0.271484375
1 0.6904296875 0.8955078125 0.10546875 0.208984375