1 0.482421875 0.140625 0.0869140625 0.1640625
1 0.5654296875 0.2646484375 0.1044921875 0.1591796875
1 0.2958984375 0.294921875 0.1220703125 0.2041015625
1 0.4169921875 0.3212890625 0.1103515625 0.248046875
1 0.716796875 0.4228515625 0.09765625 0.2412109375
1 0.3095703125 0.447265625 0.1416015625 0.18359375
1 0.7978515625 0.49609375 0.095703125 0.1630859375
0 0.146484375 0.5537109375 0.1162109375 0.1513671875
1 0.521484375 0.5576171875 0.130859375 0.1884765625
1 0.6865234375 0.5869140625 0.107421875 0.20703125
1 0.923828125 0.609375 0.1083984375 0.1689453125
1 0.7890625 0.6337890625 0.099609375 0.1796875
0 0.2333984375 0.666015625 0.123046875 0.1767578125
0 0.40234375 0.7529296875 0.1171875 0.25
1 0.4873046875 0.7666015625 0.111328125 0.2763671875
1 0.2666015625 0.82421875 0.169921875 0.2021484375
0 0.7646484375 0.8359375 0.1357421875 0.26171875