1 0.7529296875 0.927734375 0.1201171875 0.14453125
0 0.474609375 0.9404296875 0.1279296875 0.119140625
1 0.7998046875 0.10546875 0.1064453125 0.169921875
1 0.4423828125 0.1591796875 0.0947265625 0.185546875
1 0.4970703125 0.244140625 0.0947265625 0.1650390625
0 0.673828125 0.255859375 0.142578125 0.171875
0 0.0615234375 0.2900390625 0.0966796875 0.140625
0 0.259765625 0.34765625 0.1083984375 0.1474609375
0 0.3671875 0.4287109375 0.1015625 0.2490234375
1 0.6689453125 0.4296875 0.103515625 0.1640625
0 0.1396484375 0.5712890625 0.103515625 0.158203125
1 0.587890625 0.59765625 0.083984375 0.2080078125
1 0.5068359375 0.603515625 0.0869140625 0.1962890625
0 0.39453125 0.6455078125 0.099609375 0.158203125
1 0.0869140625 0.646484375 0.1103515625 0.1767578125
1 0.408203125 0.81640625 0.095703125 0.181640625
0 0.7265625 0.0859375 0.0908203125 0.1552734375
1 0.0908203125 0.8974609375 0.10546875 0.169921875
1 0.189453125 0.8974609375 0.087890625 0.19921875
0 0.2734375 0.91015625 0.08984375 0.1796875