1 0.794921875 0.1025390625 0.09375 0.169921875
1 0.4677734375 0.146484375 0.0908203125 0.1796875
1 0.5078125 0.2373046875 0.0947265625 0.1650390625
0 0.6806640625 0.25 0.1396484375 0.15625
0 0.1015625 0.2734375 0.0869140625 0.1279296875
0 0.2900390625 0.3271484375 0.1083984375 0.1474609375
1 0.673828125 0.4140625 0.103515625 0.1640625
0 0.38671875 0.416015625 0.095703125 0.2392578125
0 0.189453125 0.5302734375 0.08984375 0.1435546875
1 0.6025390625 0.5634765625 0.0751953125 0.1982421875
1 0.525390625 0.5751953125 0.0869140625 0.1962890625
1 0.1279296875 0.6123046875 0.107421875 0.169921875
0 0.404296875 0.6123046875 0.099609375 0.158203125
1 0.4248046875 0.775390625 0.095703125 0.181640625
1 0.140625 0.8203125 0.095703125 0.1640625
1 0.2216796875 0.841796875 0.0888671875 0.19140625
0 0.7265625 0.0859375 0.0908203125 0.1552734375
0 0.2998046875 0.8837890625 0.0888671875 0.1962890625
1 0.7373046875 0.892578125 0.091796875 0.1396484375
0 0.4951171875 0.9052734375 0.1318359375 0.1640625