1 0.5595703125 0.1083984375 0.1044921875 0.16015625
1 0.2822265625 0.13671875 0.1064453125 0.1875
1 0.400390625 0.1552734375 0.1103515625 0.248046875
1 0.7001953125 0.248046875 0.09765625 0.2412109375
1 0.3076171875 0.2744140625 0.1416015625 0.18359375
1 0.7890625 0.3310546875 0.095703125 0.1630859375
1 0.505859375 0.380859375 0.130859375 0.1884765625
1 0.6826171875 0.455078125 0.107421875 0.20703125
1 0.77734375 0.4794921875 0.099609375 0.1611328125
0 0.2236328125 0.4853515625 0.123046875 0.1767578125
1 0.4775390625 0.5771484375 0.111328125 0.2763671875
1 0.2568359375 0.64453125 0.169921875 0.1962890625
0 0.751953125 0.6611328125 0.1435546875 0.2431640625
1 0.3037109375 0.837890625 0.134765625 0.2197265625
1 0.666015625 0.83984375 0.1162109375 0.1875
1 0.220703125 0.919921875 0.1171875 0.1513671875