1 0.4931640625 0.935546875 0.146484375 0.12890625
1 0.87890625 0.1376953125 0.1083984375 0.169921875
0 0.583984375 0.1826171875 0.1083984375 0.2021484375
1 0.8212890625 0.201171875 0.107421875 0.201171875
1 0.236328125 0.203125 0.1083984375 0.21875
1 0.1171875 0.294921875 0.103515625 0.19140625
1 0.5390625 0.3544921875 0.107421875 0.2236328125
1 0.751953125 0.41015625 0.11328125 0.1796875
1 0.359375 0.4296875 0.1279296875 0.2216796875
1 0.6103515625 0.5185546875 0.1181640625 0.2041015625
1 0.775390625 0.654296875 0.111328125 0.2001953125
1 0.54296875 0.7109375 0.1396484375 0.2255859375
1 0.18359375 0.0751953125 0.087890625 0.150390625
1 0.6552734375 0.7724609375 0.140625 0.2021484375
1 0.42578125 0.8193359375 0.1181640625 0.2744140625
1 0.3154296875 0.837890625 0.1650390625 0.2568359375