1 0.4169921875 0.0966796875 0.1298828125 0.1923828125
1 0.4853515625 0.1728515625 0.1181640625 0.21875
0 0.7060546875 0.1923828125 0.15234375 0.205078125
0 0.1826171875 0.3251953125 0.123046875 0.1884765625
1 0.3720703125 0.326171875 0.12109375 0.24609375
1 0.703125 0.4091796875 0.1162109375 0.205078125
0 0.3212890625 0.4453125 0.12890625 0.318359375
0 0.0537109375 0.615234375 0.107421875 0.2001953125
1 0.6123046875 0.6259765625 0.10546875 0.244140625
1 0.5107421875 0.638671875 0.11328125 0.2509765625
0 0.357421875 0.68359375 0.13671875 0.2021484375
1 0.3818359375 0.904296875 0.140625 0.19140625