0 0.2802734375 0.9326171875 0.1416015625 0.134765625
0 0.1396484375 0.1943359375 0.064453125 0.115234375
1 0.02734375 0.3525390625 0.052734375 0.115234375
1 0.10546875 0.3955078125 0.07421875 0.10546875
0 0.552734375 0.4638671875 0.125 0.1923828125
1 0.4423828125 0.5048828125 0.095703125 0.1728515625
1 0.486328125 0.544921875 0.1181640625 0.19921875
1 0.158203125 0.5556640625 0.091796875 0.1181640625
1 0.26171875 0.5888671875 0.13671875 0.197265625
0 0.404296875 0.685546875 0.1396484375 0.2138671875
1 0.5478515625 0.9169921875 0.154296875 0.1611328125