0 0.7890625 0.9365234375 0.1337890625 0.126953125
1 0.2939453125 0.94140625 0.1591796875 0.1162109375
1 0.513671875 0.2861328125 0.0830078125 0.1640625
0 0.30078125 0.330078125 0.12890625 0.1298828125
1 0.5927734375 0.3896484375 0.1064453125 0.162109375
1 0.3212890625 0.44140625 0.1220703125 0.1962890625
1 0.443359375 0.4794921875 0.1025390625 0.244140625
1 0.8193359375 0.4990234375 0.087890625 0.181640625
1 0.5 0.5400390625 0.0908203125 0.22265625
1 0.7470703125 0.556640625 0.0966796875 0.240234375
1 0.345703125 0.599609375 0.1376953125 0.173828125
1 0.8251953125 0.646484375 0.0986328125 0.1611328125
0 0.1689453125 0.6923828125 0.1015625 0.1669921875
1 0.5537109375 0.7353515625 0.12890625 0.2021484375
1 0.818359375 0.7900390625 0.1123046875 0.189453125
1 0.71875 0.798828125 0.1103515625 0.181640625
0 0.2685546875 0.8369140625 0.1513671875 0.16796875
0 0.42578125 0.8994140625 0.1015625 0.197265625
0 0.6044921875 0.90625 0.1357421875 0.1875
1 0.513671875 0.9169921875 0.115234375 0.166015625