1 0.5380859375 0.0947265625 0.103515625 0.171875
1 0.2783203125 0.1044921875 0.1083984375 0.208984375
1 0.19921875 0.1171875 0.1044921875 0.2041015625
1 0.5859375 0.134765625 0.1044921875 0.20703125
1 0.8994140625 0.2392578125 0.1162109375 0.1826171875
0 0.5947265625 0.3037109375 0.107421875 0.2041015625
1 0.8447265625 0.3173828125 0.111328125 0.2001953125
1 0.255859375 0.3466796875 0.119140625 0.240234375
1 0.134765625 0.4111328125 0.099609375 0.1962890625
1 0.5478515625 0.4365234375 0.11328125 0.197265625
1 0.7568359375 0.544921875 0.1220703125 0.1884765625
1 0.365234375 0.580078125 0.123046875 0.2021484375
1 0.115234375 0.0625 0.115234375 0.12109375
1 0.78515625 0.79296875 0.1142578125 0.244140625
1 0.5576171875 0.8408203125 0.1533203125 0.23828125
1 0.6708984375 0.8818359375 0.146484375 0.236328125
1 0.4365234375 0.9052734375 0.1171875 0.1884765625
1 0.3173828125 0.9111328125 0.1787109375 0.1767578125