0 0.796875 0.162109375 0.185546875 0.32421875
0 0.955078125 0.181640625 0.08984375 0.3154296875
1 0.6337890625 0.2685546875 0.146484375 0.314453125
1 0.255859375 0.458984375 0.19921875 0.326171875
1 0.8134765625 0.482421875 0.1533203125 0.2744140625
0 0.94921875 0.4853515625 0.1015625 0.248046875
0 0.3681640625 0.6875 0.1748046875 0.3115234375
0 0.9267578125 0.7578125 0.1279296875 0.1962890625
1 0.7060546875 0.7587890625 0.1328125 0.349609375
1 0.814453125 0.794921875 0.0927734375 0.3017578125
1 0.1572265625 0.08203125 0.197265625 0.1640625
1 0.5751953125 0.8203125 0.208984375 0.35546875