1 0.3798828125 0.201171875 0.1435546875 0.2451171875
1 0.658203125 0.2119140625 0.1103515625 0.169921875
1 0.8134765625 0.23046875 0.1142578125 0.1669921875
1 0.1376953125 0.40234375 0.1318359375 0.279296875
1 0.4736328125 0.5078125 0.1201171875 0.287109375
1 0.322265625 0.5146484375 0.1474609375 0.328125
1 0.9306640625 0.583984375 0.0986328125 0.1806640625
0 0.7119140625 0.6142578125 0.14453125 0.25390625
1 0.2744140625 0.7841796875 0.1220703125 0.2353515625
1 0.3935546875 0.8115234375 0.1279296875 0.2705078125
0 0.7666015625 0.8564453125 0.1337890625 0.2841796875
1 0.6376953125 0.8916015625 0.1142578125 0.20703125